237. 128x128	3078	2189	256	256
155. 128x128	3204	216	256	256
2941. 128x128	2454	1598	256	256
3054. 128x128	1687	2100	256	256
3308. 128x128	2367	3835	256	256
3225. 128x128	2367	3835	256	256
3482. 128x128	1841	15	256	256
3875. 128x128	556	2619	256	256
4340. 128x128	2450	3223	256	256
5056. 128x128	462	956	256	256
5848. 128x128	1697	145	256	256
6104. 128x128	3656	173	256	256
6304. 128x128	3836	3808	256	256
6514. 128x128	2824	3102	256	256
6834. 128x128	735	1609	256	256
8085. 128x128	3026	953	256	256
9461. 128x128	2215	1266	256	256
9481. 128x128	1099	1715	256	256
9645. 128x128	1089	1576	256	256
10741. 128x128	502	3168	256	256
11090. 128x128	3026	953	256	256
11373. 128x128	1691	2459	256	256
12879. 128x128	2351	1034	256	256
13623. 128x128	1581	3375	256	256
14167. 128x128	3438	2326	256	256
14570. 128x128	3145	846	256	256
14943. 128x128	2428	2098	256	256
