662. 128x128	1931	293	256	256
17. 128x128	3508	2498	256	256
883. 128x128	3802	2025	256	256
74. 128x128	2464	1614	256	256
1767. 128x128	2509	2726	256	256
2620. 128x128	1366	3793	256	256
4412. 128x128	1517	2693	256	256
4415. 128x128	804	2776	256	256
4109. 128x128	3637	1294	256	256
5576. 128x128	3714	2829	256	256
7444. 128x128	1843	1449	256	256
8096. 128x128	3625	3582	256	256
8430. 128x128	2109	1083	256	256
9705. 128x128	80	615	256	256
10051. 128x128	3331	369	256	256
11102. 128x128	3625	3582	256	256
11659. 128x128	2528	288	256	256
12699. 128x128	3782	2374	256	256
12952. 128x128	2325	3159	256	256
