639. 128x128	687	1776	256	256
269. 128x128	2132	3531	256	256
508. 128x128	3706	1453	256	256
1199. 128x128	1757	3698	256	256
1142. 128x128	1096	3261	256	256
2192. 128x128	2893	3363	256	256
2894. 128x128	3782	2754	256	256
5366. 128x128	1889	489	256	256
5939. 128x128	3738	361	256	256
6959. 128x128	1245	3827	256	256
8823. 128x128	3296	481	256	256
9291. 128x128	3732	888	256	256
10565. 128x128	3237	3789	256	256
12100. 128x128	3279	1442	256	256
12227. 128x128	3279	1442	256	256
14381. 128x128	2736	1281	256	256
