302. 128x128	2054	1399	256	256
258. 128x128	2916	1917	256	256
671. 128x128	1922	3816	256	256
3992. 128x128	2365	1601	256	256
4203. 128x128	962	1470	256	256
4678. 128x128	1606	1400	256	256
4831. 128x128	1700	2775	256	256
4898. 128x128	369	494	256	256
5562. 128x128	2680	1399	256	256
5574. 128x128	1249	211	256	256
5651. 128x128	1731	2142	256	256
6758. 128x128	2679	1057	256	256
7566. 128x128	2738	3466	256	256
8007. 128x128	1524	2752	256	256
8367. 128x128	114	1571	256	256
8723. 128x128	810	2256	256	256
8955. 128x128	1688	310	256	256
9548. 128x128	574	2539	256	256
9795. 128x128	957	2941	256	256
11559. 128x128	113	2905	256	256
14770. 128x128	2682	3575	256	256
