427. 128x128	537	1399	256	256
461. 128x128	3372	487	256	256
402. 128x128	433	3258	256	256
488. 128x128	2186	994	256	256
499. 128x128	2538	1842	256	256
831. 128x128	3558	1542	256	256
2534. 128x128	2111	3101	256	256
3023. 128x128	676	2462	256	256
3077. 128x128	1904	1666	256	256
3547. 128x128	2207	229	256	256
3775. 128x128	3637	2375	256	256
3606. 128x128	1987	1808	256	256
3968. 128x128	276	3196	256	256
4397. 128x128	1373	474	256	256
4145. 128x128	1149	2526	256	256
4554. 128x128	2725	2912	256	256
4588. 128x128	156	122	256	256
5344. 128x128	3292	3648	256	256
6347. 128x128	1714	1994	256	256
6310. 128x128	1175	6	256	256
6957. 128x128	1918	1553	256	256
7389. 128x128	2330	2062	256	256
8066. 128x128	1147	197	256	256
7981. 128x128	3034	3242	256	256
7993. 128x128	679	3198	256	256
9167. 128x128	2417	654	256	256
9566. 128x128	2021	1186	256	256
9907. 128x128	1189	2753	256	256
9911. 128x128	2893	1480	256	256
10080. 128x128	929	1715	256	256
11072. 128x128	1147	197	256	256
11950. 128x128	529	265	256	256
12507. 128x128	1038	1592	256	256
12803. 128x128	1038	1592	256	256
12971. 128x128	3329	1835	256	256
13110. 128x128	2309	3320	256	256
14642. 128x128	3065	50	256	256
