690. 128x128	240	798	256	256
252. 128x128	2830	2330	256	256
151. 128x128	3490	204	256	256
1981. 128x128	1890	2888	256	256
1982. 128x128	480	696	256	256
3157. 128x128	2538	1129	256	256
3240. 128x128	2538	1129	256	256
3737. 128x128	2656	2149	256	256
3907. 128x128	2294	1029	256	256
4161. 128x128	550	1432	256	256
4370. 128x128	2095	2555	256	256
4368. 128x128	1907	3433	256	256
4649. 128x128	121	1679	256	256
4724. 128x128	3462	134	256	256
5737. 128x128	1387	1236	256	256
6162. 128x128	1353	663	256	256
7538. 128x128	38	179	256	256
7761. 128x128	443	854	256	256
8044. 128x128	1599	598	256	256
8830. 128x128	1251	3057	256	256
8922. 128x128	580	2851	256	256
9486. 128x128	2139	1583	256	256
9521. 128x128	2389	3245	256	256
10468. 128x128	540	3625	256	256
10937. 128x128	781	2312	256	256
11049. 128x128	1599	598	256	256
13068. 128x128	3315	3066	256	256
14338. 128x128	2436	977	256	256
