118. 128x128	1271	696	256	256
1224. 128x128	884	2010	256	256
167. 128x128	1770	1496	256	256
1588. 128x128	3142	1471	256	256
2854. 128x128	2041	1983	256	256
3464. 128x128	584	266	256	256
3940. 128x128	2387	2348	256	256
5610. 128x128	816	2591	256	256
6623. 128x128	2841	3611	256	256
6815. 128x128	29	2987	256	256
8422. 128x128	2387	799	256	256
8685. 128x128	1174	2930	256	256
9368. 128x128	198	3730	256	256
10273. 128x128	1991	2375	256	256
12777. 128x128	1004	3099	256	256
13271. 128x128	66	1868	256	256
