418. 128x128	76	3801	256	256
248. 128x128	3200	2812	256	256
270. 128x128	2313	2192	256	256
850. 128x128	837	3532	256	256
1649. 128x128	3524	3034	256	256
2752. 128x128	2862	1784	256	256
4765. 128x128	178	2804	256	256
4518. 128x128	46	2267	256	256
5237. 128x128	2614	2921	256	256
7416. 128x128	1559	1381	256	256
7326. 128x128	327	2136	256	256
7396. 128x128	1748	3260	256	256
8965. 128x128	1536	3025	256	256
11961. 128x128	3251	3215	256	256
13592. 128x128	1691	2637	256	256
14028. 128x128	2641	2244	256	256
14836. 128x128	56	3446	256	256
15263. 128x128	2517	2003	256	256
