591. 128x128	1765	3544	256	256
1040. 128x128	864	2391	256	256
1239. 128x128	2233	3687	256	256
154. 128x128	2659	119	256	256
824. 128x128	491	2397	256	256
1474. 128x128	1653	2175	256	256
2336. 128x128	1430	1220	256	256
2497. 128x128	1587	1049	256	256
2813. 128x128	2429	2330	256	256
3089. 128x128	1044	531	256	256
4715. 128x128	3318	643	256	256
5082. 128x128	2379	2866	256	256
5130. 128x128	1998	2561	256	256
5213. 128x128	2298	424	256	256
5391. 128x128	3755	1270	256	256
5609. 128x128	3065	55	256	256
5905. 128x128	1907	3464	256	256
6570. 128x128	1617	578	256	256
7413. 128x128	2176	1333	256	256
7654. 128x128	1210	2006	256	256
8175. 128x128	975	562	256	256
9679. 128x128	1004	1957	256	256
9988. 128x128	3646	1688	256	256
10887. 128x128	2563	3180	256	256
11304. 128x128	2753	2895	256	256
12277. 128x128	3314	2697	256	256
12986. 128x128	3596	2693	256	256
13615. 128x128	249	1144	256	256
14354. 128x128	624	3178	256	256
14485. 128x128	485	778	256	256
14726. 128x128	3517	1448	256	256
14813. 128x128	2573	2606	256	256
14946. 128x128	3586	3818	256	256
