453. 128x128	2424	343	256	256
25. 128x128	520	2896	256	256
1304. 128x128	3202	2957	256	256
1506. 128x128	3353	2297	256	256
2327. 128x128	950	1569	256	256
2862. 128x128	3437	2344	256	256
3102. 128x128	2190	1175	256	256
4077. 128x128	1363	3575	256	256
4749. 128x128	756	139	256	256
4947. 128x128	306	2175	256	256
5334. 128x128	2754	1765	256	256
6045. 128x128	396	3056	256	256
7106. 128x128	566	2833	256	256
7595. 128x128	2623	2077	256	256
7939. 128x128	3787	413	256	256
8343. 128x128	2504	595	256	256
8595. 128x128	998	922	256	256
9562. 128x128	2329	3773	256	256
9777. 128x128	3503	2962	256	256
11360. 128x128	1534	2184	256	256
11681. 128x128	505	1972	256	256
13474. 128x128	3795	2511	256	256
14050. 128x128	1623	2522	256	256
14208. 128x128	32	2177	256	256
14113. 128x128	3138	1093	256	256
14994. 128x128	1622	2899	256	256
15187. 128x128	2053	909	256	256
15331. 128x128	3429	1694	256	256
