353. 128x128	2196	3679	256	256
429. 128x128	2896	98	256	256
1146. 128x128	1730	2853	256	256
1611. 128x128	2962	2367	256	256
2210. 128x128	819	2887	256	256
2615. 128x128	2440	1734	256	256
4499. 128x128	2592	1615	256	256
4926. 128x128	2822	899	256	256
5823. 128x128	2937	2071	256	256
6871. 128x128	3593	2960	256	256
8906. 128x128	531	2935	256	256
8984. 128x128	1400	2470	256	256
9065. 128x128	2247	1620	256	256
11471. 128x128	1122	3302	256	256
11579. 128x128	1122	3302	256	256
13191. 128x128	3383	1427	256	256
13530. 128x128	3383	1427	256	256
14056. 128x128	2372	1555	256	256
14704. 128x128	3072	3632	256	256
