538. 128x128	3119	1676	256	256
440. 128x128	886	172	256	256
57. 128x128	1049	3536	256	256
103. 128x128	3056	2454	256	256
945. 128x128	708	1434	256	256
1671. 128x128	3239	3096	256	256
1884. 128x128	475	1726	256	256
2140. 128x128	1720	3679	256	256
2144. 128x128	519	3571	256	256
2938. 128x128	1683	1186	256	256
3734. 128x128	2168	682	256	256
4006. 128x128	1474	2526	256	256
5431. 128x128	2445	1782	256	256
7588. 128x128	265	1822	256	256
9316. 128x128	2628	1243	256	256
9434. 128x128	2020	973	256	256
12301. 128x128	249	2843	256	256
12593. 128x128	3111	2400	256	256
