562. 128x128	2650	328	256	256
777. 128x128	1193	2581	256	256
867. 128x128	3253	1938	256	256
587. 128x128	463	810	256	256
554. 128x128	1559	1056	256	256
1973. 128x128	1734	2137	256	256
4614. 128x128	264	2085	256	256
4809. 128x128	2149	204	256	256
5131. 128x128	573	556	256	256
6083. 128x128	3457	2215	256	256
7524. 128x128	555	3579	256	256
7585. 128x128	770	1083	256	256
8131. 128x128	1337	3029	256	256
8436. 128x128	322	625	256	256
8976. 128x128	3211	2191	256	256
9326. 128x128	3250	2137	256	256
9256. 128x128	2722	1837	256	256
9759. 128x128	1068	1084	256	256
9974. 128x128	2293	419	256	256
9997. 128x128	2316	3014	256	256
11137. 128x128	1337	3029	256	256
11441. 128x128	3737	2537	256	256
11515. 128x128	3449	713	256	256
11545. 128x128	3737	2537	256	256
11626. 128x128	3449	713	256	256
12495. 128x128	3444	1650	256	256
13077. 128x128	2938	768	256	256
13245. 128x128	3594	275	256	256
13584. 128x128	3594	275	256	256
14137. 128x128	995	1124	256	256
14521. 128x128	2556	1108	256	256
14904. 128x128	3624	1544	256	256
