614. 128x128	768	3365	256	256
991. 128x128	3648	2735	256	256
2187. 128x128	3629	1142	256	256
2515. 128x128	362	3525	256	256
3426. 128x128	2000	1511	256	256
5627. 128x128	774	1089	256	256
5759. 128x128	576	2179	256	256
6189. 128x128	2374	1592	256	256
6987. 128x128	667	1910	256	256
7486. 128x128	2188	1043	256	256
9209. 128x128	2918	3186	256	256
10882. 128x128	3458	32	256	256
10824. 128x128	2990	2488	256	256
11853. 128x128	3309	874	256	256
11876. 128x128	126	3194	256	256
11995. 128x128	2986	1784	256	256
13002. 128x128	2628	1839	256	256
15195. 128x128	2297	3006	256	256
