592. 128x128	2087	3655	256	256
732. 128x128	2921	886	256	256
1107. 128x128	167	1757	256	256
2084. 128x128	1072	3633	256	256
2740. 128x128	923	953	256	256
3011. 128x128	295	3515	256	256
2972. 128x128	2073	246	256	256
3087. 128x128	842	388	256	256
3865. 128x128	2457	3782	256	256
4212. 128x128	863	3793	256	256
4244. 128x128	1584	3762	256	256
4245. 128x128	3442	1855	256	256
4440. 128x128	1660	810	256	256
4641. 128x128	512	3348	256	256
5997. 128x128	3562	520	256	256
6363. 128x128	3813	937	256	256
6537. 128x128	2410	459	256	256
6820. 128x128	620	3004	256	256
8030. 128x128	2246	2722	256	256
8166. 128x128	950	3751	256	256
8791. 128x128	1052	461	256	256
10972. 128x128	3652	3751	256	256
11034. 128x128	2246	2722	256	256
11244. 128x128	1827	2008	256	256
11349. 128x128	3036	912	256	256
12291. 128x128	1944	284	256	256
12312. 128x128	2505	789	256	256
12692. 128x128	2435	1199	256	256
12906. 128x128	1028	1388	256	256
13318. 128x128	2128	1024	256	256
13391. 128x128	1798	2147	256	256
14606. 128x128	1402	2943	256	256
14979. 128x128	3624	548	256	256
