285. 128x128	2688	3574	256	256
78. 128x128	1851	1060	256	256
1292. 128x128	567	2257	256	256
1516. 128x128	1402	586	256	256
1590. 128x128	2845	755	256	256
3291. 128x128	2584	796	256	256
3320. 128x128	2681	1000	256	256
3208. 128x128	2584	796	256	256
3998. 128x128	2241	1072	256	256
4191. 128x128	541	682	256	256
4472. 128x128	1279	1662	256	256
4845. 128x128	1197	3698	256	256
5191. 128x128	289	1875	256	256
6535. 128x128	3064	3145	256	256
7907. 128x128	270	1754	256	256
7932. 128x128	1990	358	256	256
8156. 128x128	326	2292	256	256
8197. 128x128	389	2830	256	256
8256. 128x128	1221	3189	256	256
8936. 128x128	399	1333	256	256
9644. 128x128	2568	412	256	256
9955. 128x128	1058	1427	256	256
10767. 128x128	2350	519	256	256
10980. 128x128	1984	6	256	256
11237. 128x128	962	2932	256	256
11162. 128x128	326	2292	256	256
11754. 128x128	821	225	256	256
12311. 128x128	469	187	256	256
13128. 128x128	1267	1024	256	256
13200. 128x128	1215	292	256	256
13539. 128x128	1215	292	256	256
13869. 128x128	2926	922	256	256
14467. 128x128	3081	3413	256	256
14638. 128x128	3533	2860	256	256
