96. 128x128	1372	286	256	256
861. 128x128	677	1190	256	256
1802. 128x128	116	1039	256	256
2309. 128x128	3408	2545	256	256
3153. 128x128	1646	398	256	256
3554. 128x128	2569	956	256	256
3583. 128x128	3207	520	256	256
3588. 128x128	3296	2882	256	256
4443. 128x128	600	3210	256	256
5519. 128x128	1395	2921	256	256
6368. 128x128	251	349	256	256
6931. 128x128	92	2234	256	256
8715. 128x128	2575	3112	256	256
8562. 128x128	276	2470	256	256
8970. 128x128	2484	1165	256	256
9729. 128x128	3009	1764	256	256
10559. 128x128	337	3062	256	256
10856. 128x128	1682	2534	256	256
11524. 128x128	3828	1416	256	256
11610. 128x128	2380	1625	256	256
11635. 128x128	3828	1416	256	256
12010. 128x128	2174	319	256	256
12039. 128x128	887	3618	256	256
12166. 128x128	887	3618	256	256
12348. 128x128	3177	3085	256	256
12640. 128x128	2394	3428	256	256
13909. 128x128	943	372	256	256
