382. 128x128	1266	3491	256	256
985. 128x128	555	1363	256	256
1772. 128x128	1277	280	256	256
2544. 128x128	3008	489	256	256
3289. 128x128	1772	3530	256	256
4044. 128x128	3174	1213	256	256
4901. 128x128	1255	1773	256	256
5050. 128x128	2183	1894	256	256
5634. 128x128	2935	134	256	256
5973. 128x128	1063	1868	256	256
6581. 128x128	2825	2059	256	256
7951. 128x128	1691	1911	256	256
9379. 128x128	1751	1109	256	256
10209. 128x128	1798	1777	256	256
10210. 128x128	1897	1332	256	256
11275. 128x128	2902	3568	256	256
11370. 128x128	3484	3479	256	256
11793. 128x128	1888	2844	256	256
11934. 128x128	3494	1046	256	256
12079. 128x128	193	3707	256	256
12206. 128x128	193	3707	256	256
12265. 128x128	1639	2777	256	256
12928. 128x128	1795	2866	256	256
13707. 128x128	365	2280	256	256
15004. 128x128	1080	2274	256	256
