204. 128x128	574	1917	256	256
432. 128x128	2418	1450	256	256
1193. 128x128	312	2595	256	256
1208. 128x128	1915	3185	256	256
1761. 128x128	3315	3045	256	256
2260. 128x128	1826	3222	256	256
2115. 128x128	113	968	256	256
2596. 128x128	2617	3192	256	256
3982. 128x128	2427	1433	256	256
4371. 128x128	538	2966	256	256
4695. 128x128	3447	136	256	256
7515. 128x128	3678	19	256	256
7602. 128x128	2283	423	256	256
7775. 128x128	1491	361	256	256
7945. 128x128	3463	2860	256	256
8694. 128x128	1311	2666	256	256
8494. 128x128	750	2910	256	256
8682. 128x128	1679	383	256	256
10265. 128x128	604	1043	256	256
10885. 128x128	750	3443	256	256
10982. 128x128	2335	1608	256	256
11255. 128x128	956	166	256	256
14230. 128x128	2434	3474	256	256
14391. 128x128	2299	3331	256	256
14641. 128x128	472	3023	256	256
14964. 128x128	2350	2317	256	256
15294. 128x128	2020	2818	256	256
