523. 128x128	3335	482	256	256
419. 128x128	1532	939	256	256
1273. 128x128	961	3776	256	256
1476. 128x128	1707	661	256	256
2702. 128x128	2431	2638	256	256
2703. 128x128	342	171	256	256
5538. 128x128	1075	372	256	256
5797. 128x128	72	3234	256	256
6253. 128x128	725	2116	256	256
6436. 128x128	1919	974	256	256
6824. 128x128	606	1087	256	256
7630. 128x128	1435	1384	256	256
8555. 128x128	2838	3606	256	256
9670. 128x128	2276	3176	256	256
9699. 128x128	654	39	256	256
12286. 128x128	1626	3344	256	256
15316. 128x128	2342	636	256	256
