668. 128x128	2495	3727	256	256
1324. 128x128	3793	2946	256	256
2266. 128x128	3508	3393	256	256
2600. 128x128	504	3812	256	256
3637. 128x128	3768	1044	256	256
3670. 128x128	3602	275	256	256
3671. 128x128	2891	2679	256	256
4086. 128x128	213	2505	256	256
4504. 128x128	22	501	256	256
4528. 128x128	3249	3310	256	256
4725. 128x128	2774	1813	256	256
4836. 128x128	1657	3114	256	256
6228. 128x128	2133	1912	256	256
7089. 128x128	362	210	256	256
7691. 128x128	2424	1953	256	256
8278. 128x128	3278	3649	256	256
8491. 128x128	2747	2678	256	256
9240. 128x128	1416	1765	256	256
10107. 128x128	2835	640	256	256
10383. 128x128	2016	3252	256	256
10675. 128x128	1958	268	256	256
12652. 128x128	3004	2085	256	256
12927. 128x128	1599	3011	256	256
13260. 128x128	2226	1652	256	256
13290. 128x128	3396	2982	256	256
13830. 128x128	2248	1312	256	256
