695. 128x128	2631	428	256	256
173. 128x128	2677	269	256	256
1602. 128x128	102	2057	256	256
2255. 128x128	2249	3738	256	256
2995. 128x128	1008	2898	256	256
3016. 128x128	2981	292	256	256
3480. 128x128	162	1526	256	256
3728. 128x128	1921	1170	256	256
3411. 128x128	3439	1733	256	256
3820. 128x128	3346	246	256	256
3869. 128x128	1395	317	256	256
3895. 128x128	2869	3679	256	256
4053. 128x128	2653	1649	256	256
3979. 128x128	3613	287	256	256
5630. 128x128	609	3105	256	256
8235. 128x128	3771	2966	256	256
10074. 128x128	351	378	256	256
10697. 128x128	3176	2438	256	256
13427. 128x128	1488	1375	256	256
13856. 128x128	2879	1794	256	256
13989. 128x128	1613	2384	256	256
14530. 128x128	1684	702	256	256
14831. 128x128	414	2985	256	256
14987. 128x128	2771	216	256	256
