337. 128x128	299	2947	256	256
1895. 128x128	1925	3698	256	256
2688. 128x128	959	3023	256	256
2997. 128x128	314	270	256	256
3495. 128x128	1822	3776	256	256
3801. 128x128	2920	2047	256	256
4555. 128x128	3413	757	256	256
5315. 128x128	2014	980	256	256
5537. 128x128	858	3138	256	256
6047. 128x128	416	1632	256	256
7162. 128x128	1871	1202	256	256
7200. 128x128	1476	3087	256	256
7927. 128x128	1522	264	256	256
8015. 128x128	2451	2523	256	256
8184. 128x128	3549	144	256	256
8455. 128x128	1082	188	256	256
8713. 128x128	656	3230	256	256
10368. 128x128	1293	1961	256	256
14010. 128x128	736	1251	256	256
