342. 128x128	2573	3131	256	256
1039. 128x128	3763	723	256	256
1796. 128x128	816	994	256	256
4453. 128x128	2919	1439	256	256
4545. 128x128	3092	825	256	256
5439. 128x128	17	37	256	256
5728. 128x128	1006	3363	256	256
8092. 128x128	787	2313	256	256
8188. 128x128	3442	380	256	256
8438. 128x128	3765	168	256	256
8744. 128x128	212	2384	256	256
8890. 128x128	2531	1295	256	256
10021. 128x128	2819	497	256	256
11098. 128x128	787	2313	256	256
12897. 128x128	1286	370	256	256
13223. 128x128	1074	782	256	256
13562. 128x128	1074	782	256	256
