548. 128x128	816	3573	256	256
894. 128x128	2866	727	256	256
1086. 128x128	3476	2546	256	256
2276. 128x128	2177	3520	256	256
2880. 128x128	545	563	256	256
3529. 128x128	895	2316	256	256
4079. 128x128	3371	3835	256	256
6704. 128x128	2943	3677	256	256
6568. 128x128	1667	2420	256	256
7132. 128x128	2256	1845	256	256
7256. 128x128	1460	3306	256	256
7380. 128x128	3349	1742	256	256
7812. 128x128	2316	2307	256	256
9384. 128x128	2050	1321	256	256
10593. 128x128	320	2136	256	256
10622. 128x128	476	2068	256	256
11030. 128x128	1	203	256	256
11374. 128x128	1153	409	256	256
11430. 128x128	1180	3174	256	256
13640. 128x128	3788	1855	256	256
14109. 128x128	1861	2472	256	256
14769. 128x128	2866	2505	256	256
14771. 128x128	3760	798	256	256
14835. 128x128	2229	143	256	256
15189. 128x128	2877	2243	256	256
