499. 128x128	2538	1842	256	256
458. 128x128	2587	2281	256	256
88. 128x128	1658	1515	256	256
187. 128x128	2798	1059	256	256
1870. 128x128	2769	508	256	256
1806. 128x128	3624	153	256	256
3511. 128x128	2281	2304	256	256
3818. 128x128	2694	304	256	256
3838. 128x128	1204	3802	256	256
4210. 128x128	1589	1036	256	256
4170. 128x128	2761	1884	256	256
4363. 128x128	556	2510	256	256
4492. 128x128	2204	1385	256	256
5073. 128x128	1795	3188	256	256
5518. 128x128	1671	3174	256	256
6379. 128x128	1502	599	256	256
6731. 128x128	2062	3588	256	256
6965. 128x128	3483	595	256	256
7810. 128x128	3726	2594	256	256
8600. 128x128	339	1694	256	256
9945. 128x128	2474	3292	256	256
10249. 128x128	3168	3599	256	256
10634. 128x128	116	3280	256	256
11401. 128x128	3059	1320	256	256
12085. 128x128	2284	1100	256	256
12212. 128x128	2284	1100	256	256
12752. 128x128	1033	1619	256	256
12776. 128x128	241	1218	256	256
14276. 128x128	3491	3709	256	256
14499. 128x128	3394	1330	256	256
14622. 128x128	1871	3436	256	256
