688. 128x128	3590	2044	256	256
663. 128x128	3173	3571	256	256
1013. 128x128	3437	3404	256	256
1508. 128x128	1766	472	256	256
1727. 128x128	1694	2637	256	256
2194. 128x128	3323	2942	256	256
2529. 128x128	1381	2648	256	256
2905. 128x128	2848	2047	256	256
3785. 128x128	2834	3281	256	256
4292. 128x128	715	2784	256	256
4604. 128x128	1546	2110	256	256
4490. 128x128	1579	3125	256	256
5123. 128x128	1061	2978	256	256
5974. 128x128	1712	3070	256	256
6533. 128x128	2364	664	256	256
7285. 128x128	1596	886	256	256
7670. 128x128	1451	3040	256	256
8145. 128x128	2664	1252	256	256
8209. 128x128	3747	894	256	256
8755. 128x128	3416	209	256	256
8760. 128x128	3281	3364	256	256
8851. 128x128	912	3671	256	256
9021. 128x128	1029	2532	256	256
9533. 128x128	87	306	256	256
10060. 128x128	801	3563	256	256
10349. 128x128	3268	972	256	256
10601. 128x128	928	495	256	256
11151. 128x128	2664	1252	256	256
11259. 128x128	1981	643	256	256
11356. 128x128	2982	2024	256	256
11479. 128x128	3668	2308	256	256
11587. 128x128	3668	2308	256	256
11833. 128x128	241	2698	256	256
11941. 128x128	331	1320	256	256
12458. 128x128	775	213	256	256
12604. 128x128	3586	251	256	256
14922. 128x128	1807	3262	256	256
14969. 128x128	2790	1014	256	256
