366. 128x128	1843	1896	256	256
41. 128x128	2890	3184	256	256
1054. 128x128	2144	1585	256	256
1629. 128x128	3165	135	256	256
3699. 128x128	1001	3696	256	256
4236. 128x128	1767	1898	256	256
4398. 128x128	1597	1077	256	256
5083. 128x128	2330	814	256	256
5521. 128x128	1767	1105	256	256
5407. 128x128	184	3544	256	256
6245. 128x128	1691	665	256	256
6321. 128x128	3611	913	256	256
6595. 128x128	2749	3265	256	256
6966. 128x128	3253	253	256	256
7548. 128x128	2655	962	256	256
8275. 128x128	2886	703	256	256
8707. 128x128	1744	2013	256	256
9083. 128x128	2016	1810	256	256
10363. 128x128	1149	3082	256	256
10415. 128x128	1632	3406	256	256
11534. 128x128	2573	66	256	256
11646. 128x128	2573	66	256	256
11972. 128x128	1959	3657	256	256
12111. 128x128	1946	3243	256	256
12238. 128x128	1946	3243	256	256
12281. 128x128	2725	3511	256	256
12811. 128x128	2763	1207	256	256
14269. 128x128	3708	1552	256	256
