444. 128x128	2660	846	256	256
231. 128x128	1722	3440	256	256
788. 128x128	864	1452	256	256
370. 128x128	2401	3745	256	256
1202. 128x128	3256	3216	256	256
160. 128x128	3090	622	256	256
2464. 128x128	1648	2301	256	256
2556. 128x128	2879	2406	256	256
2957. 128x128	186	2817	256	256
4264. 128x128	3515	1368	256	256
4276. 128x128	2967	3132	256	256
4392. 128x128	2047	2036	256	256
4703. 128x128	760	1597	256	256
4858. 128x128	1935	1813	256	256
5400. 128x128	695	1769	256	256
6250. 128x128	184	2316	256	256
8780. 128x128	726	1817	256	256
8966. 128x128	1555	342	256	256
13985. 128x128	2626	1228	256	256
14160. 128x128	3708	1679	256	256
14308. 128x128	545	706	256	256
