594. 128x128	2044	3779	256	256
12. 128x128	3298	2280	256	256
1529. 128x128	2072	37	256	256
1676. 128x128	2092	1961	256	256
1958. 128x128	3665	1904	256	256
1998. 128x128	306	3069	256	256
2951. 128x128	779	2699	256	256
3199. 128x128	2389	2564	256	256
5361. 128x128	597	135	256	256
5768. 128x128	3743	2014	256	256
5796. 128x128	1917	3010	256	256
6361. 128x128	2979	3522	256	256
6640. 128x128	3500	270	256	256
6862. 128x128	92	196	256	256
7188. 128x128	1619	3027	256	256
7718. 128x128	503	265	256	256
8729. 128x128	3621	2927	256	256
9345. 128x128	514	1702	256	256
9249. 128x128	2485	2702	256	256
10983. 128x128	2949	114	256	256
11256. 128x128	2864	3414	256	256
11298. 128x128	3622	710	256	256
11363. 128x128	1492	1550	256	256
11618. 128x128	1849	489	256	256
12496. 128x128	632	232	256	256
12882. 128x128	3794	2456	256	256
13075. 128x128	1105	1308	256	256
13801. 128x128	795	2450	256	256
14054. 128x128	609	2604	256	256
14173. 128x128	2537	1489	256	256
14552. 128x128	2579	921	256	256
15118. 128x128	1220	2165	256	256
