426. 128x128	2800	3015	256	256
8. 128x128	3584	1055	256	256
769. 128x128	1259	3531	256	256
353. 128x128	2196	3679	256	256
1105. 128x128	3191	2238	256	256
1241. 128x128	1684	2583	256	256
291. 128x128	134	238	256	256
522. 128x128	3612	523	256	256
185. 128x128	1368	2332	256	256
568. 128x128	3138	1251	256	256
1499. 128x128	3233	1200	256	256
2434. 128x128	2887	673	256	256
2379. 128x128	788	3309	256	256
3134. 128x128	2859	2208	256	256
3932. 128x128	3037	3257	256	256
4112. 128x128	2040	2521	256	256
4115. 128x128	1691	3478	256	256
5906. 128x128	1788	2556	256	256
6090. 128x128	1244	2918	256	256
6331. 128x128	214	1334	256	256
6504. 128x128	739	1728	256	256
6753. 128x128	1308	3549	256	256
7117. 128x128	3385	3003	256	256
9089. 128x128	254	631	256	256
9328. 128x128	2576	2030	256	256
9768. 128x128	503	2499	256	256
10416. 128x128	824	3526	256	256
10736. 128x128	2680	1099	256	256
11913. 128x128	2500	3253	256	256
12792. 128x128	793	1222	256	256
12940. 128x128	348	3018	256	256
13303. 128x128	1991	141	256	256
13814. 128x128	887	2256	256	256
15220. 128x128	3337	1284	256	256
