474. 128x128	1374	3305	256	256
250. 128x128	1545	3144	256	256
679. 128x128	1350	2509	256	256
709. 128x128	1742	1798	256	256
875. 128x128	2207	3459	256	256
53. 128x128	1202	2638	256	256
1306. 128x128	3017	1528	256	256
1351. 128x128	2309	1200	256	256
1889. 128x128	3577	346	256	256
3911. 128x128	1236	1294	256	256
4033. 128x128	2730	3183	256	256
4162. 128x128	909	778	256	256
5335. 128x128	2625	3254	256	256
5373. 128x128	918	89	256	256
6818. 128x128	2894	3379	256	256
7900. 128x128	1993	2891	256	256
9501. 128x128	1409	2100	256	256
9683. 128x128	2824	1116	256	256
9954. 128x128	2890	643	256	256
10154. 128x128	1458	1406	256	256
10973. 128x128	2233	1433	256	256
11433. 128x128	1615	1456	256	256
13135. 128x128	190	1851	256	256
14525. 128x128	597	3690	256	256
15022. 128x128	2779	485	256	256
