355. 128x128	1796	2720	256	256
1425. 128x128	198	1428	256	256
1599. 128x128	2519	2468	256	256
2330. 128x128	1354	3017	256	256
5838. 128x128	787	1931	256	256
5956. 128x128	2871	2221	256	256
5964. 128x128	2744	234	256	256
6138. 128x128	1571	1118	256	256
6841. 128x128	1638	1569	256	256
7784. 128x128	3232	1276	256	256
8052. 128x128	3083	1320	256	256
8429. 128x128	3834	1019	256	256
9590. 128x128	2550	1559	256	256
9818. 128x128	208	291	256	256
10455. 128x128	2118	2910	256	256
11057. 128x128	3083	1320	256	256
11797. 128x128	2933	2602	256	256
12294. 128x128	2554	649	256	256
12371. 128x128	1460	3087	256	256
12438. 128x128	1644	3327	256	256
13071. 128x128	638	3082	256	256
13607. 128x128	3657	3502	256	256
13890. 128x128	2220	3710	256	256
14099. 128x128	1495	173	256	256
14104. 128x128	1156	261	256	256
14730. 128x128	193	2397	256	256
