573. 128x128	2837	1029	256	256
449. 128x128	3794	2922	256	256
639. 128x128	687	1776	256	256
364. 128x128	528	3050	256	256
96. 128x128	1372	286	256	256
930. 128x128	3825	1756	256	256
1421. 128x128	1744	92	256	256
2268. 128x128	2675	1158	256	256
2031. 128x128	3727	226	256	256
3044. 128x128	1604	1272	256	256
3477. 128x128	440	3649	256	256
4306. 128x128	693	2078	256	256
4110. 128x128	3473	1003	256	256
4950. 128x128	714	2357	256	256
5683. 128x128	716	1890	256	256
7464. 128x128	2721	2542	256	256
7482. 128x128	22	278	256	256
8945. 128x128	2372	3061	256	256
9168. 128x128	171	2565	256	256
10183. 128x128	939	1158	256	256
10506. 128x128	221	2802	256	256
10631. 128x128	1423	2467	256	256
11753. 128x128	2099	1170	256	256
12450. 128x128	3532	669	256	256
13183. 128x128	1637	500	256	256
13522. 128x128	1637	500	256	256
13444. 128x128	1163	2560	256	256
13933. 128x128	2875	2479	256	256
14093. 128x128	2023	604	256	256
14708. 128x128	2911	3336	256	256
14581. 128x128	432	745	256	256
14792. 128x128	2438	2807	256	256
14933. 128x128	130	3450	256	256
15240. 128x128	3698	2929	256	256
15266. 128x128	1820	1172	256	256
