465. 128x128	2662	339	256	256
778. 128x128	2583	168	256	256
793. 128x128	385	904	256	256
706. 128x128	3361	1743	256	256
1081. 128x128	2823	1274	256	256
1917. 128x128	1670	3372	256	256
2273. 128x128	3226	3686	256	256
2114. 128x128	2906	3414	256	256
2539. 128x128	2142	624	256	256
2692. 128x128	7	388	256	256
3038. 128x128	1038	1315	256	256
3374. 128x128	3558	3452	256	256
4035. 128x128	959	789	256	256
4214. 128x128	394	242	256	256
5950. 128x128	3400	2927	256	256
6426. 128x128	1872	2131	256	256
6774. 128x128	1365	2909	256	256
7006. 128x128	186	571	256	256
7806. 128x128	2551	1225	256	256
8039. 128x128	489	2266	256	256
8111. 128x128	1367	3575	256	256
8706. 128x128	3330	922	256	256
8912. 128x128	1527	2896	256	256
9310. 128x128	540	3531	256	256
10130. 128x128	1938	1859	256	256
10224. 128x128	3620	2200	256	256
10563. 128x128	1214	1625	256	256
11044. 128x128	489	2266	256	256
11117. 128x128	1367	3575	256	256
11272. 128x128	131	814	256	256
12027. 128x128	1934	2400	256	256
12154. 128x128	1934	2400	256	256
13107. 128x128	22	2588	256	256
13187. 128x128	3032	1024	256	256
13526. 128x128	3032	1024	256	256
14741. 128x128	838	3824	256	256
