696. 128x128	2029	1475	256	256
797. 128x128	3785	2461	256	256
726. 128x128	501	334	256	256
1071. 128x128	433	2429	256	256
2074. 128x128	792	965	256	256
2525. 128x128	3584	1157	256	256
2589. 128x128	2592	1066	256	256
3473. 128x128	2859	1020	256	256
3640. 128x128	2158	338	256	256
3860. 128x128	833	3450	256	256
4082. 128x128	2208	50	256	256
5525. 128x128	3204	37	256	256
6107. 128x128	2485	2048	256	256
6352. 128x128	3036	2341	256	256
6991. 128x128	1400	3357	256	256
7034. 128x128	1613	2129	256	256
7643. 128x128	1059	1140	256	256
7946. 128x128	225	3558	256	256
8479. 128x128	2927	1510	256	256
9067. 128x128	3738	2892	256	256
9351. 128x128	1087	1911	256	256
9324. 128x128	2140	2183	256	256
9727. 128x128	2982	2690	256	256
9861. 128x128	1105	2386	256	256
10181. 128x128	977	1817	256	256
10272. 128x128	3472	3769	256	256
10703. 128x128	2773	3287	256	256
12011. 128x128	3603	1455	256	256
12138. 128x128	3603	1455	256	256
12977. 128x128	678	3202	256	256
14257. 128x128	1857	3619	256	256
14336. 128x128	2903	1351	256	256
14508. 128x128	3388	2327	256	256
14819. 128x128	2231	1231	256	256
15279. 128x128	3837	2284	256	256
