250. 128x128	1545	3144	256	256
263. 128x128	2387	2375	256	256
1248. 128x128	1203	3438	256	256
2274. 128x128	1104	640	256	256
2868. 128x128	1467	2497	256	256
3048. 128x128	915	2	256	256
2890. 128x128	3436	3562	256	256
3439. 128x128	949	1377	256	256
5459. 128x128	1346	2023	256	256
5563. 128x128	3204	1025	256	256
5676. 128x128	1103	3225	256	256
5643. 128x128	1441	1140	256	256
6133. 128x128	2285	725	256	256
6482. 128x128	2972	275	256	256
8050. 128x128	1747	3829	256	256
8345. 128x128	2158	861	256	256
10573. 128x128	1120	2883	256	256
11055. 128x128	1747	3829	256	256
11407. 128x128	1370	3762	256	256
11764. 128x128	2786	1322	256	256
11782. 128x128	751	790	256	256
