23. 128x128	2593	72	256	256
728. 128x128	3783	3670	256	256
1975. 128x128	2286	1483	256	256
4156. 128x128	3422	1966	256	256
4992. 128x128	2528	1373	256	256
5265. 128x128	1865	1732	256	256
5827. 128x128	3468	1823	256	256
6718. 128x128	1071	1306	256	256
7017. 128x128	740	2542	256	256
7432. 128x128	3231	3746	256	256
8670. 128x128	72	1985	256	256
9713. 128x128	3012	3577	256	256
10534. 128x128	1290	3451	256	256
11864. 128x128	409	513	256	256
12022. 128x128	3003	181	256	256
12046. 128x128	2831	2708	256	256
12149. 128x128	3003	181	256	256
12173. 128x128	2831	2708	256	256
12379. 128x128	1073	3576	256	256
14045. 128x128	2155	2428	256	256
14625. 128x128	1813	1813	256	256
