30. 128x128	568	3459	256	256
1694. 128x128	2418	3616	256	256
2010. 128x128	2314	451	256	256
2536. 128x128	2256	1625	256	256
3797. 128x128	625	2572	256	256
5052. 128x128	3008	3668	256	256
7169. 128x128	3821	2300	256	256
7634. 128x128	3625	1106	256	256
9635. 128x128	1111	2343	256	256
9725. 128x128	542	38	256	256
10263. 128x128	2059	1404	256	256
12127. 128x128	1431	1028	256	256
12254. 128x128	1431	1028	256	256
13331. 128x128	1930	500	256	256
13602. 128x128	461	1467	256	256
13867. 128x128	2351	2497	256	256
14064. 128x128	1462	3766	256	256
