279. 128x128	1696	3709	256	256
47. 128x128	2744	1985	256	256
1089. 128x128	0	389	256	256
1926. 128x128	3373	603	256	256
3032. 128x128	2797	447	256	256
3286. 128x128	2538	1748	256	256
3203. 128x128	2538	1748	256	256
6277. 128x128	656	2382	256	256
6053. 128x128	2712	3658	256	256
6085. 128x128	1997	920	256	256
5935. 128x128	2636	2073	256	256
6177. 128x128	1676	1554	256	256
6307. 128x128	2126	702	256	256
6950. 128x128	763	2634	256	256
7262. 128x128	3234	105	256	256
7663. 128x128	1789	581	256	256
7764. 128x128	3777	316	256	256
8102. 128x128	1421	3257	256	256
8258. 128x128	1986	1329	256	256
8635. 128x128	1549	292	256	256
9775. 128x128	2132	1989	256	256
10135. 128x128	2335	1561	256	256
10200. 128x128	3369	416	256	256
10403. 128x128	11	2702	256	256
10585. 128x128	2604	3514	256	256
11108. 128x128	1421	3257	256	256
11486. 128x128	3417	2207	256	256
11594. 128x128	3417	2207	256	256
11769. 128x128	2081	371	256	256
12078. 128x128	3478	2543	256	256
12205. 128x128	3478	2543	256	256
13970. 128x128	3563	1241	256	256
15133. 128x128	1574	724	256	256
