67. 128x128	316	815	256	256
434. 128x128	205	3589	256	256
2045. 128x128	755	1338	256	256
2128. 128x128	607	2454	256	256
4234. 128x128	3812	3523	256	256
4418. 128x128	2639	732	256	256
6699. 128x128	1754	3464	256	256
7228. 128x128	1769	2208	256	256
7728. 128x128	1177	3762	256	256
8432. 128x128	2061	2771	256	256
10177. 128x128	1473	1510	256	256
10376. 128x128	1690	96	256	256
10806. 128x128	2603	2594	256	256
11267. 128x128	3760	3128	256	256
13170. 128x128	1888	424	256	256
13180. 128x128	3498	2234	256	256
13509. 128x128	1888	424	256	256
13519. 128x128	3498	2234	256	256
13884. 128x128	2700	1973	256	256
14609. 128x128	306	3598	256	256
