275. 128x128	3233	1669	256	256
683. 128x128	2610	3076	256	256
2044. 128x128	96	135	256	256
1997. 128x128	1377	2176	256	256
5419. 128x128	1214	1519	256	256
5926. 128x128	3551	1844	256	256
6140. 128x128	1736	133	256	256
7603. 128x128	1194	1203	256	256
7733. 128x128	973	1506	256	256
7743. 128x128	2843	858	256	256
8376. 128x128	68	2096	256	256
9378. 128x128	2767	156	256	256
9978. 128x128	2373	1568	256	256
10811. 128x128	2291	3459	256	256
12661. 128x128	801	813	256	256
13132. 128x128	2728	482	256	256
14368. 128x128	871	144	256	256
