514. 128x128	2161	3657	256	256
1703. 128x128	917	1649	256	256
1933. 128x128	2620	2260	256	256
2339. 128x128	1774	496	256	256
2422. 128x128	236	2279	256	256
2823. 128x128	3369	1405	256	256
3327. 128x128	2323	3002	256	256
4706. 128x128	283	522	256	256
5895. 128x128	3632	3228	256	256
6400. 128x128	2612	726	256	256
6655. 128x128	92	2329	256	256
6817. 128x128	1469	2361	256	256
8205. 128x128	1102	1453	256	256
8816. 128x128	1817	2857	256	256
9287. 128x128	1243	1033	256	256
11353. 128x128	2855	2575	256	256
12728. 128x128	3572	3322	256	256
12663. 128x128	531	698	256	256
13440. 128x128	1250	841	256	256
13947. 128x128	694	2501	256	256
15201. 128x128	1613	2193	256	256
