491. 128x128	2437	3351	256	256
766. 128x128	645	2007	256	256
1104. 128x128	1065	2693	256	256
2605. 128x128	992	570	256	256
3339. 128x128	204	2331	256	256
4187. 128x128	414	590	256	256
4951. 128x128	1599	1940	256	256
5699. 128x128	2070	3078	256	256
6033. 128x128	1221	2809	256	256
7274. 128x128	1974	2783	256	256
7582. 128x128	3757	179	256	256
8515. 128x128	3187	2140	256	256
9697. 128x128	1433	2677	256	256
10932. 128x128	1185	2139	256	256
11399. 128x128	3719	1204	256	256
11822. 128x128	248	1508	256	256
12630. 128x128	1353	1710	256	256
14168. 128x128	2109	2703	256	256
14098. 128x128	3346	1005	256	256
14496. 128x128	2550	3364	256	256
15306. 128x128	3286	3148	256	256
