420. 128x128	51	2307	256	256
447. 128x128	1060	2692	256	256
1216. 128x128	1166	1535	256	256
2838. 128x128	2323	2675	256	256
3345. 128x128	864	3070	256	256
5190. 128x128	2120	2033	256	256
5238. 128x128	2939	1602	256	256
6717. 128x128	3132	2854	256	256
8558. 128x128	1233	1639	256	256
10301. 128x128	320	1514	256	256
10632. 128x128	439	2682	256	256
10936. 128x128	3547	1064	256	256
11525. 128x128	931	68	256	256
13697. 128x128	1729	1189	256	256
14029. 128x128	2034	2487	256	256
14429. 128x128	830	2640	256	256
