230. 128x128	2529	3570	256	256
1500. 128x128	2600	496	256	256
1955. 128x128	2126	2272	256	256
4087. 128x128	3469	1709	256	256
6398. 128x128	3537	3773	256	256
6545. 128x128	818	3042	256	256
6484. 128x128	2954	1182	256	256
7335. 128x128	3122	2110	256	256
7517. 128x128	1980	1966	256	256
7752. 128x128	1657	339	256	256
9268. 128x128	1507	3024	256	256
9686. 128x128	1294	2435	256	256
10294. 128x128	3012	829	256	256
10533. 128x128	3079	624	256	256
10606. 128x128	2901	2778	256	256
10717. 128x128	3813	2253	256	256
14075. 128x128	1598	1257	256	256
