645. 128x128	2781	3135	256	256
394. 128x128	767	2509	256	256
2646. 128x128	3692	1147	256	256
5567. 128x128	3396	522	256	256
6023. 128x128	3228	1001	256	256
6615. 128x128	1690	2257	256	256
7835. 128x128	708	580	256	256
7998. 128x128	3158	258	256	256
8896. 128x128	3439	1754	256	256
9748. 128x128	673	1106	256	256
10835. 128x128	65	186	256	256
11831. 128x128	1932	1152	256	256
12003. 128x128	1708	3063	256	256
12734. 128x128	2099	3481	256	256
12913. 128x128	712	3391	256	256
13134. 128x128	3052	1322	256	256
15104. 128x128	551	1192	256	256
