455. 128x128	3623	708	256	256
514. 128x128	2161	3657	256	256
1503. 128x128	289	2981	256	256
5153. 128x128	2788	3566	256	256
5698. 128x128	1052	867	256	256
7424. 128x128	1454	1247	256	256
7503. 128x128	3581	2174	256	256
7565. 128x128	273	1986	256	256
7920. 128x128	373	3793	256	256
8358. 128x128	2737	75	256	256
11741. 128x128	1687	3613	256	256
11824. 128x128	2006	1312	256	256
13400. 128x128	968	2288	256	256
13714. 128x128	1630	709	256	256
14898. 128x128	3308	3653	256	256
15281. 128x128	1088	2515	256	256
