357. 128x128	1794	3578	256	256
32. 128x128	339	311	256	256
750. 128x128	1288	1348	256	256
1002. 128x128	566	3434	256	256
1148. 128x128	926	3292	256	256
6223. 128x128	2265	3695	256	256
6760. 128x128	3161	3051	256	256
8303. 128x128	2729	779	256	256
9426. 128x128	1385	1074	256	256
9742. 128x128	2136	932	256	256
10456. 128x128	2335	3703	256	256
12378. 128x128	262	3757	256	256
12991. 128x128	2026	877	256	256
13471. 128x128	125	114	256	256
13954. 128x128	279	952	256	256
13902. 128x128	1548	2982	256	256
14288. 128x128	3240	3148	256	256
