552. 128x128	147	1319	256	256
475. 128x128	1768	1557	256	256
1125. 128x128	3795	3396	256	256
577. 128x128	1175	3517	256	256
3573. 128x128	709	1257	256	256
4226. 128x128	3118	2268	256	256
4506. 128x128	909	1052	256	256
5145. 128x128	1797	1143	256	256
6265. 128x128	3127	3723	256	256
5809. 128x128	2104	1358	256	256
6114. 128x128	2854	1595	256	256
7212. 128x128	2915	2217	256	256
11228. 128x128	2240	2718	256	256
12428. 128x128	1225	3361	256	256
13248. 128x128	2902	3390	256	256
13587. 128x128	2902	3390	256	256
14718. 128x128	2374	147	256	256
14869. 128x128	2182	3365	256	256
