694. 128x128	1712	3276	256	256
675. 128x128	2866	677	256	256
622. 128x128	294	2013	256	256
1183. 128x128	3565	642	256	256
1286. 128x128	2383	1899	256	256
1683. 128x128	2384	706	256	256
2030. 128x128	686	1717	256	256
2663. 128x128	505	474	256	256
3317. 128x128	1290	1558	256	256
3861. 128x128	1814	3207	256	256
4441. 128x128	1906	1406	256	256
4511. 128x128	781	1452	256	256
4970. 128x128	2285	218	256	256
4857. 128x128	2089	1172	256	256
5889. 128x128	1522	1151	256	256
6220. 128x128	1784	1775	256	256
6516. 128x128	1579	1264	256	256
6826. 128x128	1740	1454	256	256
7410. 128x128	2333	2496	256	256
7458. 128x128	379	2402	256	256
7489. 128x128	734	2476	256	256
7902. 128x128	1935	1413	256	256
8320. 128x128	151	1717	256	256
8624. 128x128	2499	1318	256	256
9116. 128x128	234	3070	256	256
11424. 128x128	2118	1899	256	256
12975. 128x128	2036	724	256	256
13734. 128x128	3421	2545	256	256
14124. 128x128	3649	2115	256	256
14165. 128x128	982	3475	256	256
14326. 128x128	2374	2082	256	256
14723. 128x128	888	3530	256	256
