356. 128x128	2049	3466	256	256
373. 128x128	1920	152	256	256
583. 128x128	1829	3177	256	256
1418. 128x128	299	3610	256	256
1666. 128x128	1098	1008	256	256
2245. 128x128	1311	2164	256	256
6444. 128x128	2127	1302	256	256
6682. 128x128	1331	2965	256	256
7219. 128x128	713	1545	256	256
7472. 128x128	3555	834	256	256
7754. 128x128	3267	53	256	256
8366. 128x128	2556	2847	256	256
9064. 128x128	3261	3508	256	256
10715. 128x128	664	1946	256	256
11325. 128x128	3059	858	256	256
11772. 128x128	3731	1358	256	256
13917. 128x128	69	2761	256	256
14234. 128x128	2043	2698	256	256
