463. 128x128	1332	267	256	256
781. 128x128	3425	560	256	256
1178. 128x128	1996	2761	256	256
1311. 128x128	2961	2386	256	256
1349. 128x128	402	50	256	256
1615. 128x128	95	2776	256	256
2225. 128x128	3213	1718	256	256
2233. 128x128	2190	2756	256	256
2175. 128x128	2829	2447	256	256
2520. 128x128	348	308	256	256
2780. 128x128	1916	3756	256	256
4743. 128x128	1956	3452	256	256
5847. 128x128	1370	1606	256	256
6969. 128x128	1111	2462	256	256
6829. 128x128	3230	1572	256	256
9546. 128x128	775	1052	256	256
10941. 128x128	3004	1671	256	256
11185. 128x128	69	1878	256	256
11361. 128x128	1171	3026	256	256
11535. 128x128	1205	3763	256	256
11647. 128x128	1205	3763	256	256
13008. 128x128	3485	546	256	256
13295. 128x128	3020	2488	256	256
13351. 128x128	1881	3733	256	256
14275. 128x128	322	3573	256	256
