687. 128x128	1020	989	256	256
1065. 128x128	422	946	256	256
1215. 128x128	1744	1238	256	256
1388. 128x128	2291	579	256	256
1404. 128x128	270	3377	256	256
1739. 128x128	1594	199	256	256
2263. 128x128	1666	1277	256	256
2401. 128x128	2834	253	256	256
2349. 128x128	1683	1269	256	256
2737. 128x128	409	587	256	256
2706. 128x128	742	696	256	256
3342. 128x128	585	3366	256	256
3562. 128x128	286	234	256	256
3680. 128x128	54	182	256	256
3807. 128x128	2127	1183	256	256
6779. 128x128	3066	2649	256	256
6685. 128x128	375	3020	256	256
6573. 128x128	41	1791	256	256
6975. 128x128	3494	2189	256	256
8006. 128x128	1258	1959	256	256
8230. 128x128	2030	101	256	256
8785. 128x128	868	3814	256	256
8987. 128x128	1178	2559	256	256
9182. 128x128	821	545	256	256
10365. 128x128	3043	3589	256	256
10305. 128x128	3784	362	256	256
11879. 128x128	2386	1100	256	256
12466. 128x128	2830	3533	256	256
12654. 128x128	530	2569	256	256
14229. 128x128	3458	1115	256	256
15203. 128x128	2347	2919	256	256
15086. 128x128	3631	1152	256	256
