76. 128x128	2477	1943	256	256
791. 128x128	3089	2528	256	256
372. 128x128	461	3787	256	256
571. 128x128	3466	1649	256	256
2303. 128x128	2921	3688	256	256
4643. 128x128	378	3128	256	256
7059. 128x128	3254	3285	256	256
7825. 128x128	3449	2109	256	256
7944. 128x128	3503	2724	256	256
8949. 128x128	118	2659	256	256
10491. 128x128	1404	2756	256	256
10658. 128x128	2364	1605	256	256
10735. 128x128	3188	3307	256	256
13326. 128x128	727	3575	256	256
13979. 128x128	2762	2161	256	256
14656. 128x128	3087	2193	256	256
14830. 128x128	3087	2193	256	256
