249. 128x128	2907	2106	256	256
1753. 128x128	34	1435	256	256
1787. 128x128	2710	3226	256	256
2070. 128x128	642	667	256	256
2200. 128x128	2230	1154	256	256
2576. 128x128	2400	1064	256	256
2899. 128x128	356	534	256	256
3394. 128x128	1946	1153	256	256
4216. 128x128	563	914	256	256
5475. 128x128	1863	829	256	256
5246. 128x128	2546	3683	256	256
5530. 128x128	1502	1555	256	256
5339. 128x128	2219	2735	256	256
6096. 128x128	2391	2251	256	256
6145. 128x128	1089	3032	256	256
6709. 128x128	1347	998	256	256
7050. 128x128	460	1279	256	256
7888. 128x128	3239	53	256	256
10540. 128x128	251	2947	256	256
10474. 128x128	1256	3595	256	256
11945. 128x128	2227	638	256	256
12116. 128x128	325	824	256	256
12243. 128x128	325	824	256	256
12535. 128x128	200	2291	256	256
12579. 128x128	3163	874	256	256
12831. 128x128	200	2291	256	256
12950. 128x128	994	1846	256	256
13414. 128x128	527	1957	256	256
13419. 128x128	1978	972	256	256
14728. 128x128	262	1543	256	256
