242. 128x128	1531	3655	256	256
723. 128x128	3666	2324	256	256
1330. 128x128	3244	3837	256	256
5129. 128x128	159	186	256	256
7265. 128x128	2279	3019	256	256
7818. 128x128	2508	3293	256	256
8377. 128x128	2160	1216	256	256
9493. 128x128	3652	2700	256	256
9445. 128x128	72	3249	256	256
9761. 128x128	3814	2876	256	256
10145. 128x128	1533	3041	256	256
10486. 128x128	173	3169	256	256
11326. 128x128	2171	1969	256	256
11419. 128x128	2842	2139	256	256
12565. 128x128	2356	2923	256	256
13590. 128x128	3728	2463	256	256
