703. 128x128	1838	2905	256	256
1245. 128x128	1814	3281	256	256
61. 128x128	3711	441	256	256
1612. 128x128	3023	2478	256	256
2772. 128x128	1241	3636	256	256
2949. 128x128	443	2704	256	256
2883. 128x128	3144	1806	256	256
4988. 128x128	2169	2364	256	256
5885. 128x128	2795	803	256	256
6889. 128x128	464	1789	256	256
6863. 128x128	1573	2945	256	256
7071. 128x128	3652	1409	256	256
7587. 128x128	2153	1974	256	256
7819. 128x128	916	574	256	256
8165. 128x128	2046	2715	256	256
8149. 128x128	3790	2487	256	256
8368. 128x128	2886	2397	256	256
8597. 128x128	3495	433	256	256
9382. 128x128	1624	2341	256	256
9537. 128x128	2862	1809	256	256
9550. 128x128	3115	278	256	256
10587. 128x128	962	2788	256	256
10843. 128x128	2454	2510	256	256
11155. 128x128	3790	2487	256	256
11171. 128x128	2046	2715	256	256
12966. 128x128	2568	1398	256	256
14691. 128x128	1914	306	256	256
14866. 128x128	1914	306	256	256
