11. 128x128	3022	2354	256	256
264. 128x128	3753	1812	256	256
772. 128x128	2793	819	256	256
2032. 128x128	2213	269	256	256
2601. 128x128	805	1894	256	256
2632. 128x128	1100	237	256	256
2994. 128x128	819	525	256	256
3267. 128x128	2459	2448	256	256
3288. 128x128	342	152	256	256
5024. 128x128	9	1626	256	256
5143. 128x128	1973	3035	256	256
5241. 128x128	773	2058	256	256
5816. 128x128	1827	3227	256	256
7123. 128x128	1894	405	256	256
7124. 128x128	560	3136	256	256
8226. 128x128	356	1029	256	256
10139. 128x128	3129	49	256	256
11711. 128x128	59	1218	256	256
12082. 128x128	3123	591	256	256
12209. 128x128	3123	591	256	256
12633. 128x128	2373	1598	256	256
13834. 128x128	769	1032	256	256
15191. 128x128	655	3228	256	256
