384. 128x128	1340	653	256	256
234. 128x128	1735	2803	256	256
58. 128x128	3040	1680	256	256
92. 128x128	725	3572	256	256
845. 128x128	1250	1127	256	256
907. 128x128	1461	483	256	256
3367. 128x128	1585	69	256	256
3385. 128x128	293	3255	256	256
3234. 128x128	1199	2674	256	256
3514. 128x128	313	733	256	256
5851. 128x128	2793	195	256	256
6344. 128x128	1021	2103	256	256
6743. 128x128	1001	1659	256	256
7426. 128x128	2941	1677	256	256
7342. 128x128	238	2627	256	256
7520. 128x128	2946	1677	256	256
8443. 128x128	513	807	256	256
9114. 128x128	3029	1	256	256
9535. 128x128	2135	1432	256	256
9693. 128x128	3509	1163	256	256
9547. 128x128	539	1612	256	256
10049. 128x128	2339	2434	256	256
10752. 128x128	651	1667	256	256
12112. 128x128	45	3286	256	256
12239. 128x128	45	3286	256	256
12744. 128x128	916	2164	256	256
13205. 128x128	333	2494	256	256
13544. 128x128	333	2494	256	256
13963. 128x128	1499	3245	256	256
13984. 128x128	3648	1152	256	256
14211. 128x128	314	3043	256	256
14100. 128x128	1078	132	256	256
14801. 128x128	1284	1112	256	256
15150. 128x128	3421	3678	256	256
