693. 128x128	2369	2349	256	256
1232. 128x128	1628	3252	256	256
1277. 128x128	1610	3244	256	256
1744. 128x128	3165	205	256	256
1762. 128x128	932	10	256	256
2955. 128x128	3352	3457	256	256
3107. 128x128	2670	1396	256	256
3908. 128x128	855	2902	256	256
3996. 128x128	3812	2077	256	256
4144. 128x128	3427	3251	256	256
4799. 128x128	1202	3041	256	256
6860. 128x128	410	2541	256	256
7676. 128x128	561	800	256	256
9253. 128x128	645	1924	256	256
9736. 128x128	2135	2514	256	256
9812. 128x128	3753	3732	256	256
10740. 128x128	2420	3677	256	256
12949. 128x128	54	2023	256	256
15001. 128x128	541	1763	256	256
