438. 128x128	128	1492	256	256
238. 128x128	1707	3137	256	256
393. 128x128	315	861	256	256
1103. 128x128	3760	2272	256	256
131. 128x128	1092	698	256	256
827. 128x128	622	2472	256	256
1303. 128x128	682	2955	256	256
1594. 128x128	667	3599	256	256
1669. 128x128	438	1450	256	256
1913. 128x128	3584	2479	256	256
2248. 128x128	2362	1701	256	256
3218. 128x128	3044	1466	256	256
3615. 128x128	1969	3052	256	256
4065. 128x128	3529	163	256	256
4381. 128x128	43	186	256	256
5742. 128x128	1628	2339	256	256
6139. 128x128	3466	3597	256	256
6358. 128x128	656	1058	256	256
6775. 128x128	1351	3290	256	256
7213. 128x128	1075	1736	256	256
7898. 128x128	1505	777	256	256
7777. 128x128	2892	2045	256	256
8567. 128x128	419	3214	256	256
8821. 128x128	1346	19	256	256
9594. 128x128	1362	3314	256	256
11710. 128x128	2288	331	256	256
11937. 128x128	3060	1263	256	256
12916. 128x128	1331	1293	256	256
13028. 128x128	433	2822	256	256
13604. 128x128	1984	2096	256	256
13784. 128x128	3670	2991	256	256
14444. 128x128	2307	3541	256	256
