14. 128x128	557	1576	256	256
651. 128x128	1880	3588	256	256
1951. 128x128	3306	47	256	256
3400. 128x128	2675	1062	256	256
3412. 128x128	2174	2669	256	256
4938. 128x128	2717	614	256	256
5088. 128x128	3181	1112	256	256
5543. 128x128	1517	429	256	256
6740. 128x128	2167	2682	256	256
7358. 128x128	3657	923	256	256
8069. 128x128	1858	1330	256	256
8434. 128x128	596	274	256	256
8731. 128x128	3737	1502	256	256
8837. 128x128	3143	679	256	256
9783. 128x128	3415	592	256	256
10196. 128x128	3404	1345	256	256
11075. 128x128	1858	1330	256	256
11517. 128x128	428	3489	256	256
11628. 128x128	428	3489	256	256
12448. 128x128	303	2059	256	256
13946. 128x128	3250	3361	256	256
