193. 128x128	844	1293	256	256
1261. 128x128	688	3795	256	256
1129. 128x128	505	1486	256	256
1162. 128x128	2340	1297	256	256
1507. 128x128	3018	158	256	256
1924. 128x128	2817	1451	256	256
2060. 128x128	1496	2323	256	256
2832. 128x128	2894	2596	256	256
3525. 128x128	545	2817	256	256
4142. 128x128	3584	1531	256	256
5371. 128x128	3413	3720	256	256
5800. 128x128	1441	215	256	256
6061. 128x128	2421	3334	256	256
6345. 128x128	44	1846	256	256
6604. 128x128	3359	2962	256	256
7183. 128x128	3234	2710	256	256
7661. 128x128	2349	3471	256	256
8078. 128x128	3540	106	256	256
7996. 128x128	3758	1095	256	256
8210. 128x128	1055	137	256	256
8964. 128x128	576	2657	256	256
9588. 128x128	2378	856	256	256
9856. 128x128	2979	2263	256	256
10481. 128x128	1041	256	256	256
10733. 128x128	2927	1079	256	256
11084. 128x128	3540	106	256	256
11533. 128x128	3279	908	256	256
11644. 128x128	3279	908	256	256
11912. 128x128	1010	2397	256	256
11919. 128x128	3812	2784	256	256
14052. 128x128	416	2678	256	256
14900. 128x128	3135	2775	256	256
