663. 128x128	3173	3571	256	256
6. 128x128	2017	3382	256	256
35. 128x128	413	3568	256	256
525. 128x128	1631	2064	256	256
1566. 128x128	2023	624	256	256
2748. 128x128	1948	1984	256	256
2759. 128x128	1426	1513	256	256
3465. 128x128	696	192	256	256
3535. 128x128	1192	3541	256	256
3571. 128x128	1138	1230	256	256
4123. 128x128	3180	2689	256	256
4508. 128x128	1161	3141	256	256
5188. 128x128	379	3822	256	256
6526. 128x128	1300	1724	256	256
7423. 128x128	1937	2403	256	256
8106. 128x128	2831	1968	256	256
9088. 128x128	2671	951	256	256
9454. 128x128	3029	1113	256	256
9829. 128x128	2509	2655	256	256
10213. 128x128	215	1059	256	256
10266. 128x128	3176	638	256	256
10283. 128x128	2709	3107	256	256
11112. 128x128	2831	1968	256	256
12019. 128x128	500	3158	256	256
12146. 128x128	500	3158	256	256
12566. 128x128	3477	3618	256	256
12592. 128x128	1134	2678	256	256
12862. 128x128	3477	3618	256	256
13775. 128x128	588	2630	256	256
14011. 128x128	983	774	256	256
14012. 128x128	1368	1971	256	256
14844. 128x128	1585	1879	256	256
15345. 128x128	1544	2018	256	256
