486. 128x128	2836	1270	256	256
1354. 128x128	1677	3138	256	256
2272. 128x128	2444	1513	256	256
2859. 128x128	2020	3332	256	256
3537. 128x128	2591	2840	256	256
5283. 128x128	3636	2216	256	256
5455. 128x128	3348	1004	256	256
5658. 128x128	1143	1438	256	256
6375. 128x128	685	1994	256	256
7198. 128x128	1899	3575	256	256
7767. 128x128	1488	855	256	256
8860. 128x128	635	2651	256	256
9381. 128x128	3274	1613	256	256
10918. 128x128	3707	1818	256	256
11242. 128x128	630	3088	256	256
11926. 128x128	1562	637	256	256
12472. 128x128	1485	930	256	256
12689. 128x128	1043	1944	256	256
12641. 128x128	2964	3808	256	256
12671. 128x128	1179	3146	256	256
14005. 128x128	2036	3495	256	256
14569. 128x128	2825	305	256	256
