129. 128x128	822	610	256	256
408. 128x128	1137	3672	256	256
884. 128x128	2981	1780	256	256
1746. 128x128	125	515	256	256
2888. 128x128	3618	1592	256	256
3864. 128x128	13	2758	256	256
6264. 128x128	156	1847	256	256
6148. 128x128	2609	1013	256	256
6490. 128x128	300	2876	256	256
7677. 128x128	1714	3573	256	256
8223. 128x128	2403	2010	256	256
9358. 128x128	3238	2444	256	256
9525. 128x128	699	3805	256	256
10225. 128x128	3315	2179	256	256
13141. 128x128	122	3201	256	256
13456. 128x128	3337	3322	256	256
15169. 128x128	3715	2385	256	256
15183. 128x128	2755	1963	256	256
15249. 128x128	2331	1847	256	256
