111. 128x128	2415	492	256	256
249. 128x128	2907	2106	256	256
59. 128x128	2331	1838	256	256
943. 128x128	2632	2208	256	256
1716. 128x128	348	2333	256	256
1915. 128x128	2750	256	256	256
2712. 128x128	2732	3422	256	256
3205. 128x128	342	152	256	256
5477. 128x128	754	1082	256	256
5638. 128x128	1266	3021	256	256
5702. 128x128	1265	3011	256	256
5853. 128x128	3106	2668	256	256
7933. 128x128	511	50	256	256
10798. 128x128	582	2846	256	256
11778. 128x128	758	3355	256	256
12838. 128x128	496	257	256	256
13266. 128x128	1314	1801	256	256
14766. 128x128	2568	470	256	256
15058. 128x128	1053	3211	256	256
