497. 128x128	1905	2465	256	256
785. 128x128	2838	576	256	256
374. 128x128	2514	245	256	256
714. 128x128	3177	2550	256	256
2155. 128x128	3385	3223	256	256
2787. 128x128	2895	3672	256	256
3273. 128x128	3310	1030	256	256
3872. 128x128	158	2820	256	256
5252. 128x128	1517	3567	256	256
7655. 128x128	3087	1592	256	256
7765. 128x128	2718	1254	256	256
7980. 128x128	1286	2673	256	256
8859. 128x128	1881	3818	256	256
8894. 128x128	3742	2394	256	256
9166. 128x128	169	319	256	256
10123. 128x128	3068	3086	256	256
10187. 128x128	1442	1837	256	256
11632. 128x128	3828	832	256	256
12357. 128x128	1869	1974	256	256
12775. 128x128	2053	1230	256	256
13210. 128x128	796	916	256	256
13549. 128x128	796	916	256	256
13666. 128x128	671	2090	256	256
13881. 128x128	76	223	256	256
