622. 128x128	294	2013	256	256
729. 128x128	2727	1936	256	256
1184. 128x128	989	3296	256	256
1723. 128x128	3577	3182	256	256
2011. 128x128	1100	450	256	256
2668. 128x128	375	293	256	256
2674. 128x128	1939	1314	256	256
4411. 128x128	67	1524	256	256
4616. 128x128	78	869	256	256
4681. 128x128	1885	907	256	256
4923. 128x128	1621	1135	256	256
4869. 128x128	99	1265	256	256
6099. 128x128	1409	2064	256	256
6200. 128x128	878	1399	256	256
6317. 128x128	2456	2029	256	256
6964. 128x128	3196	1880	256	256
6974. 128x128	3323	347	256	256
8075. 128x128	3725	685	256	256
7950. 128x128	193	2296	256	256
9380. 128x128	606	2440	256	256
9591. 128x128	2536	2181	256	256
10609. 128x128	1952	2105	256	256
10968. 128x128	1650	893	256	256
11081. 128x128	3725	685	256	256
11222. 128x128	154	2719	256	256
11548. 128x128	175	2935	256	256
12293. 128x128	1610	2627	256	256
13861. 128x128	2669	1831	256	256
14004. 128x128	562	201	256	256
15296. 128x128	2118	2923	256	256
