212. 128x128	683	3759	256	256
1045. 128x128	2565	715	256	256
1803. 128x128	598	846	256	256
1960. 128x128	3282	2133	256	256
3164. 128x128	826	2949	256	256
3127. 128x128	324	3210	256	256
3247. 128x128	826	2949	256	256
3527. 128x128	377	1962	256	256
3440. 128x128	739	2787	256	256
4148. 128x128	3105	1911	256	256
4473. 128x128	1078	792	256	256
4801. 128x128	2448	2664	256	256
5314. 128x128	1228	3761	256	256
5328. 128x128	3106	3642	256	256
5437. 128x128	3008	1788	256	256
5415. 128x128	756	2763	256	256
6651. 128x128	661	3200	256	256
6909. 128x128	669	2353	256	256
7133. 128x128	282	45	256	256
7310. 128x128	700	2271	256	256
7680. 128x128	788	3293	256	256
7707. 128x128	1437	1441	256	256
7800. 128x128	795	2255	256	256
8425. 128x128	3242	852	256	256
8768. 128x128	369	2076	256	256
8614. 128x128	2720	3569	256	256
8914. 128x128	354	713	256	256
10191. 128x128	1314	3781	256	256
11846. 128x128	1442	3326	256	256
13017. 128x128	3055	2657	256	256
13146. 128x128	3434	1104	256	256
13254. 128x128	3003	1022	256	256
13485. 128x128	3434	1104	256	256
14960. 128x128	3146	584	256	256
15196. 128x128	3029	2406	256	256
