68. 128x128	2133	1113	256	256
949. 128x128	2338	1117	256	256
1714. 128x128	793	2355	256	256
1726. 128x128	631	41	256	256
2097. 128x128	196	1533	256	256
2749. 128x128	2033	3527	256	256
3045. 128x128	458	1765	256	256
3331. 128x128	3035	2079	256	256
4055. 128x128	3005	2842	256	256
4376. 128x128	694	694	256	256
4999. 128x128	3253	1649	256	256
5176. 128x128	3121	582	256	256
5461. 128x128	793	1937	256	256
5476. 128x128	3469	716	256	256
5274. 128x128	1160	1763	256	256
5382. 128x128	3434	860	256	256
6378. 128x128	2973	1638	256	256
8620. 128x128	1532	2159	256	256
8728. 128x128	2502	227	256	256
8530. 128x128	719	3372	256	256
9365. 128x128	823	407	256	256
9195. 128x128	3141	1366	256	256
9198. 128x128	2916	1505	256	256
9889. 128x128	2370	1668	256	256
10007. 128x128	2065	200	256	256
10331. 128x128	2725	729	256	256
10953. 128x128	2600	2575	256	256
11026. 128x128	2128	1982	256	256
11771. 128x128	1863	3008	256	256
13339. 128x128	2460	3213	256	256
13741. 128x128	3581	2547	256	256
14041. 128x128	3542	2841	256	256
14424. 128x128	645	2675	256	256
14492. 128x128	3378	66	256	256
