589. 128x128	2517	3419	256	256
347. 128x128	3707	375	256	256
68. 128x128	2133	1113	256	256
148. 128x128	3589	1530	256	256
1942. 128x128	726	3700	256	256
2019. 128x128	529	1179	256	256
2604. 128x128	2824	1301	256	256
3004. 128x128	1100	2472	256	256
3776. 128x128	143	3415	256	256
4092. 128x128	304	1887	256	256
3950. 128x128	3160	3149	256	256
4344. 128x128	841	3670	256	256
4686. 128x128	1992	3319	256	256
5115. 128x128	717	651	256	256
6081. 128x128	447	438	256	256
5949. 128x128	546	1186	256	256
6738. 128x128	556	3415	256	256
6603. 128x128	1606	326	256	256
8834. 128x128	78	1783	256	256
9444. 128x128	1457	766	256	256
9647. 128x128	555	2677	256	256
10436. 128x128	2701	3740	256	256
10613. 128x128	2447	3526	256	256
10727. 128x128	3536	3583	256	256
10921. 128x128	2501	455	256	256
10828. 128x128	2692	1060	256	256
11202. 128x128	478	2900	256	256
11448. 128x128	2585	3373	256	256
11554. 128x128	2585	3373	256	256
11933. 128x128	914	3733	256	256
11979. 128x128	176	1366	256	256
12883. 128x128	45	2504	256	256
13054. 128x128	422	1231	256	256
13122. 128x128	1972	1358	256	256
13962. 128x128	3745	912	256	256
13862. 128x128	2334	3233	256	256
14040. 128x128	1348	1033	256	256
