354. 128x128	1575	2675	256	256
1544. 128x128	97	1329	256	256
1828. 128x128	3429	2900	256	256
3814. 128x128	2933	2603	256	256
3884. 128x128	3237	657	256	256
5967. 128x128	291	1053	256	256
8637. 128x128	3080	1143	256	256
8887. 128x128	1182	3778	256	256
9603. 128x128	662	2510	256	256
10749. 128x128	3249	2954	256	256
10884. 128x128	393	2861	256	256
10861. 128x128	3155	1430	256	256
11321. 128x128	2746	3755	256	256
13470. 128x128	827	2898	256	256
14614. 128x128	2508	2128	256	256
15259. 128x128	1280	310	256	256
