467. 128x128	3292	2350	256	256
1212. 128x128	2772	3259	256	256
2610. 128x128	2331	1610	256	256
2678. 128x128	1294	3839	256	256
4251. 128x128	42	260	256	256
4116. 128x128	1537	3431	256	256
4541. 128x128	2811	2447	256	256
5418. 128x128	1515	2049	256	256
6008. 128x128	3083	893	256	256
6303. 128x128	1616	998	256	256
6891. 128x128	3292	2471	256	256
6947. 128x128	1783	1453	256	256
7922. 128x128	420	3090	256	256
7745. 128x128	3528	1940	256	256
7751. 128x128	533	232	256	256
9517. 128x128	3811	658	256	256
11348. 128x128	50	2384	256	256
11378. 128x128	1866	1967	256	256
12864. 128x128	2131	555	256	256
13177. 128x128	1779	1460	256	256
13516. 128x128	1779	1460	256	256
14122. 128x128	2581	3527	256	256
14794. 128x128	2048	336	256	256
15284. 128x128	3148	3214	256	256
