77. 128x128	1210	3588	256	256
1704. 128x128	2919	2523	256	256
5760. 128x128	1804	304	256	256
8158. 128x128	1796	583	256	256
8339. 128x128	2701	1052	256	256
8989. 128x128	3617	3745	256	256
9307. 128x128	311	3707	256	256
9320. 128x128	428	1368	256	256
9883. 128x128	329	1001	256	256
10061. 128x128	350	103	256	256
10190. 128x128	2482	495	256	256
10545. 128x128	317	1996	256	256
10915. 128x128	1166	2741	256	256
10822. 128x128	1952	1730	256	256
11164. 128x128	1796	583	256	256
11795. 128x128	2316	72	256	256
12658. 128x128	398	71	256	256
