12. 128x128	3298	2280	256	256
646. 128x128	2578	2465	256	256
2451. 128x128	1763	1886	256	256
2020. 128x128	3381	1107	256	256
3880. 128x128	1898	2671	256	256
4888. 128x128	3080	2795	256	256
5585. 128x128	1325	978	256	256
5596. 128x128	48	772	256	256
6153. 128x128	2084	2755	256	256
6409. 128x128	142	172	256	256
7153. 128x128	556	2345	256	256
7180. 128x128	3789	3664	256	256
7441. 128x128	1	2319	256	256
7959. 128x128	1047	1391	256	256
8347. 128x128	17	28	256	256
10583. 128x128	1569	3184	256	256
11364. 128x128	1972	2198	256	256
14141. 128x128	3591	3657	256	256
14094. 128x128	1848	2841	256	256
