452. 128x128	2929	2098	256	256
477. 128x128	3796	2153	256	256
735. 128x128	1812	2307	256	256
860. 128x128	2610	619	256	256
2026. 128x128	2277	485	256	256
3384. 128x128	1223	2626	256	256
3835. 128x128	1520	1337	256	256
5080. 128x128	1310	617	256	256
5136. 128x128	2319	27	256	256
5745. 128x128	1582	1238	256	256
7370. 128x128	3041	320	256	256
8064. 128x128	1256	2134	256	256
8428. 128x128	1272	3229	256	256
8676. 128x128	3583	3689	256	256
9442. 128x128	3137	2057	256	256
9715. 128x128	3157	1933	256	256
9816. 128x128	256	2828	256	256
10337. 128x128	3592	3670	256	256
11070. 128x128	1256	2134	256	256
11896. 128x128	2571	466	256	256
11920. 128x128	455	2561	256	256
