224. 128x128	2422	3433	256	256
435. 128x128	1947	2645	256	256
634. 128x128	2670	3543	256	256
1279. 128x128	57	3670	256	256
2085. 128x128	589	3352	256	256
2486. 128x128	3400	1826	256	256
2710. 128x128	1390	2373	256	256
4080. 128x128	908	3764	256	256
4186. 128x128	84	1278	256	256
4613. 128x128	2669	2084	256	256
5460. 128x128	2408	458	256	256
5254. 128x128	55	13	256	256
5500. 128x128	524	385	256	256
5937. 128x128	495	1924	256	256
7035. 128x128	2122	3772	256	256
7244. 128x128	669	692	256	256
7484. 128x128	3767	1718	256	256
7839. 128x128	3019	1848	256	256
7766. 128x128	964	777	256	256
8144. 128x128	3746	895	256	256
8451. 128x128	3801	3528	256	256
9831. 128x128	2083	2075	256	256
10073. 128x128	3810	1868	256	256
9958. 128x128	3073	163	256	256
10902. 128x128	508	1825	256	256
11150. 128x128	3746	895	256	256
11713. 128x128	2526	2029	256	256
12058. 128x128	2667	543	256	256
12185. 128x128	2667	543	256	256
12643. 128x128	2430	805	256	256
12985. 128x128	1367	3123	256	256
13038. 128x128	2202	609	256	256
13088. 128x128	2359	676	256	256
13165. 128x128	3735	1045	256	256
13405. 128x128	2719	1095	256	256
13504. 128x128	3735	1045	256	256
14027. 128x128	1127	257	256	256
14351. 128x128	1830	1265	256	256
14470. 128x128	3537	798	256	256
14784. 128x128	1197	2924	256	256
