277. 128x128	1637	2682	256	256
1534. 128x128	2721	148	256	256
1978. 128x128	2789	430	256	256
4241. 128x128	2489	1732	256	256
4663. 128x128	561	3509	256	256
5035. 128x128	238	1393	256	256
5671. 128x128	1147	3364	256	256
5943. 128x128	2741	589	256	256
6495. 128x128	455	1221	256	256
6727. 128x128	1199	2898	256	256
8452. 128x128	3654	1685	256	256
9264. 128x128	404	607	256	256
9900. 128x128	2746	458	256	256
10173. 128x128	3798	3512	256	256
10222. 128x128	993	2191	256	256
11359. 128x128	2749	1958	256	256
11395. 128x128	1339	3166	256	256
12385. 128x128	555	543	256	256
