227. 128x128	2970	3359	256	256
1246. 128x128	1505	1913	256	256
299. 128x128	1634	1751	256	256
803. 128x128	3344	1984	256	256
1200. 128x128	1314	2669	256	256
2129. 128x128	1505	3702	256	256
2977. 128x128	774	551	256	256
3508. 128x128	1423	3016	256	256
3424. 128x128	187	412	256	256
4374. 128x128	471	1997	256	256
4673. 128x128	2819	3676	256	256
4676. 128x128	3496	703	256	256
5482. 128x128	1454	1984	256	256
5338. 128x128	125	338	256	256
5977. 128x128	273	2074	256	256
6394. 128x128	2751	2464	256	256
6576. 128x128	290	3215	256	256
7019. 128x128	1646	2370	256	256
7574. 128x128	510	672	256	256
9539. 128x128	2112	981	256	256
9996. 128x128	3371	1325	256	256
10475. 128x128	1486	2404	256	256
10557. 128x128	1533	3774	256	256
11506. 128x128	2987	95	256	256
12065. 128x128	3451	1173	256	256
12192. 128x128	3451	1173	256	256
12628. 128x128	668	2020	256	256
12878. 128x128	427	2874	256	256
14177. 128x128	1114	614	256	256
14145. 128x128	2513	2166	256	256
14477. 128x128	1961	1164	256	256
14608. 128x128	1853	455	256	256
14788. 128x128	2802	3754	256	256
