625. 128x128	372	2636	256	256
1046. 128x128	3150	3106	256	256
1085. 128x128	378	3301	256	256
2300. 128x128	2131	1187	256	256
2136. 128x128	3581	872	256	256
2470. 128x128	2026	581	256	256
2829. 128x128	3548	342	256	256
2886. 128x128	1406	2392	256	256
4319. 128x128	2523	1039	256	256
4361. 128x128	1806	613	256	256
4710. 128x128	3422	1392	256	256
6519. 128x128	3755	2593	256	256
6612. 128x128	1171	394	256	256
6933. 128x128	1654	1382	256	256
7014. 128x128	553	1847	256	256
8776. 128x128	2175	82	256	256
8527. 128x128	1711	3758	256	256
8507. 128x128	282	3380	256	256
9541. 128x128	550	2333	256	256
10659. 128x128	1444	1381	256	256
10714. 128x128	3614	842	256	256
10797. 128x128	3177	3230	256	256
11282. 128x128	1551	1517	256	256
11362. 128x128	1043	2960	256	256
12759. 128x128	60	3555	256	256
12767. 128x128	3506	2040	256	256
14292. 128x128	3560	3168	256	256
14917. 128x128	2875	676	256	256
15237. 128x128	2197	3095	256	256
