590. 128x128	2507	2321	256	256
360. 128x128	2911	296	256	256
923. 128x128	3580	693	256	256
1479. 128x128	3201	1931	256	256
1937. 128x128	328	53	256	256
2680. 128x128	3554	3721	256	256
3149. 128x128	1578	2504	256	256
3115. 128x128	1466	689	256	256
3232. 128x128	1578	2504	256	256
4648. 128x128	1743	2399	256	256
6792. 128x128	2984	1162	256	256
6985. 128x128	3069	2262	256	256
7558. 128x128	3132	2873	256	256
8951. 128x128	1796	1706	256	256
10160. 128x128	2236	1475	256	256
10422. 128x128	760	246	256	256
11704. 128x128	1648	224	256	256
11841. 128x128	3127	1512	256	256
11991. 128x128	1975	724	256	256
12118. 128x128	3247	1549	256	256
12245. 128x128	3247	1549	256	256
12909. 128x128	3259	2889	256	256
15017. 128x128	1759	1434	256	256
