689. 128x128	2809	3542	256	256
398. 128x128	3048	3150	256	256
898. 128x128	1049	3004	256	256
1268. 128x128	2936	1898	256	256
822. 128x128	3106	16	256	256
1315. 128x128	2731	2215	256	256
2512. 128x128	166	1466	256	256
4038. 128x128	3571	3109	256	256
4603. 128x128	1352	1687	256	256
6350. 128x128	136	2788	256	256
6327. 128x128	1333	709	256	256
6744. 128x128	1649	1022	256	256
7210. 128x128	913	861	256	256
9369. 128x128	2043	113	256	256
10315. 128x128	1915	3433	256	256
10576. 128x128	2157	2759	256	256
10989. 128x128	3820	2856	256	256
11231. 128x128	1145	2764	256	256
12494. 128x128	2183	1402	256	256
13951. 128x128	1061	2572	256	256
14725. 128x128	1475	2004	256	256
