332. 128x128	103	3330	256	256
342. 128x128	2573	3131	256	256
205. 128x128	988	2895	256	256
1996. 128x128	104	3631	256	256
2902. 128x128	716	2145	256	256
3626. 128x128	2540	2441	256	256
3765. 128x128	2625	2443	256	256
6583. 128x128	2540	1205	256	256
7102. 128x128	153	2457	256	256
7969. 128x128	2760	2025	256	256
8134. 128x128	2562	1098	256	256
9219. 128x128	2631	1093	256	256
9830. 128x128	202	1687	256	256
9881. 128x128	1234	3635	256	256
10801. 128x128	2098	2076	256	256
11140. 128x128	2562	1098	256	256
11857. 128x128	3142	1654	256	256
12512. 128x128	2170	3642	256	256
12808. 128x128	2170	3642	256	256
13755. 128x128	3639	3326	256	256
