70. 128x128	1038	1915	256	256
983. 128x128	1743	538	256	256
1923. 128x128	46	269	256	256
2794. 128x128	264	1303	256	256
3299. 128x128	3121	3179	256	256
3216. 128x128	3121	3179	256	256
6255. 128x128	3769	1722	256	256
7371. 128x128	3829	2396	256	256
8764. 128x128	2794	994	256	256
8770. 128x128	2300	3110	256	256
9104. 128x128	2799	1940	256	256
9370. 128x128	3393	2564	256	256
9300. 128x128	746	2491	256	256
11847. 128x128	2123	970	256	256
14129. 128x128	3522	2719	256	256
14356. 128x128	1151	1263	256	256
14627. 128x128	1384	862	256	256
