386. 128x128	1595	271	256	256
1472. 128x128	1736	916	256	256
1623. 128x128	520	709	256	256
2799. 128x128	2629	2578	256	256
3170. 128x128	711	1876	256	256
3118. 128x128	3671	950	256	256
3802. 128x128	2222	2634	256	256
6346. 128x128	3444	1166	256	256
6843. 128x128	998	2371	256	256
9054. 128x128	680	86	256	256
12536. 128x128	2114	1789	256	256
12558. 128x128	1427	1834	256	256
12965. 128x128	1841	3732	256	256
13228. 128x128	1519	1134	256	256
13567. 128x128	1519	1134	256	256
15276. 128x128	428	1360	256	256
