482. 128x128	1205	2716	256	256
52. 128x128	880	1377	256	256
439. 128x128	2212	2257	256	256
147. 128x128	1880	2167	256	256
600. 128x128	3429	3763	256	256
1185. 128x128	952	2633	256	256
971. 128x128	1994	1282	256	256
1633. 128x128	2038	2835	256	256
3152. 128x128	941	3085	256	256
3056. 128x128	368	1046	256	256
3319. 128x128	503	2157	256	256
3746. 128x128	956	2227	256	256
3819. 128x128	3358	432	256	256
4284. 128x128	3253	444	256	256
4141. 128x128	2485	1977	256	256
5441. 128x128	1425	2839	256	256
5867. 128x128	3562	3347	256	256
6209. 128x128	1831	3699	256	256
6625. 128x128	1341	1199	256	256
7369. 128x128	3691	495	256	256
8021. 128x128	993	3739	256	256
9466. 128x128	3092	1148	256	256
9608. 128x128	2579	413	256	256
10253. 128x128	2283	1634	256	256
10627. 128x128	453	814	256	256
13234. 128x128	2348	365	256	256
13373. 128x128	1281	230	256	256
13573. 128x128	2348	365	256	256
13605. 128x128	3580	185	256	256
14022. 128x128	2121	1929	256	256
14901. 128x128	2274	38	256	256
15006. 128x128	1731	215	256	256
15013. 128x128	3097	3214	256	256
