529. 128x128	2421	853	256	256
326. 128x128	1733	2062	256	256
615. 128x128	3339	3233	256	256
979. 128x128	1390	2549	256	256
1367. 128x128	1201	1392	256	256
1597. 128x128	3762	905	256	256
2302. 128x128	3018	2335	256	256
2679. 128x128	1664	2641	256	256
3745. 128x128	658	314	256	256
4592. 128x128	3775	1028	256	256
4633. 128x128	3359	3086	256	256
4787. 128x128	848	2983	256	256
4997. 128x128	3056	2257	256	256
5029. 128x128	436	1424	256	256
6004. 128x128	2448	672	256	256
6870. 128x128	177	131	256	256
7177. 128x128	2063	1724	256	256
8282. 128x128	168	880	256	256
8518. 128x128	2518	3213	256	256
8643. 128x128	1108	277	256	256
9340. 128x128	1599	482	256	256
9568. 128x128	598	1362	256	256
9581. 128x128	89	3057	256	256
10605. 128x128	212	214	256	256
10626. 128x128	204	66	256	256
10795. 128x128	3111	2490	256	256
12330. 128x128	3779	3731	256	256
12471. 128x128	2323	1294	256	256
12610. 128x128	2408	1221	256	256
13641. 128x128	1107	2921	256	256
14169. 128x128	1481	2321	256	256
15264. 128x128	1399	3281	256	256
15292. 128x128	955	2556	256	256
15313. 128x128	2799	1304	256	256
