606. 128x128	510	2760	256	256
676. 128x128	896	1583	256	256
2581. 128x128	2963	1222	256	256
3244. 128x128	3050	1697	256	256
3585. 128x128	3191	3450	256	256
4023. 128x128	1266	1118	256	256
4548. 128x128	829	451	256	256
5717. 128x128	3132	2110	256	256
5986. 128x128	2415	3356	256	256
6437. 128x128	893	1868	256	256
7776. 128x128	373	232	256	256
7778. 128x128	1213	1030	256	256
8119. 128x128	3104	2266	256	256
9886. 128x128	36	2311	256	256
11125. 128x128	3104	2266	256	256
12133. 128x128	228	1246	256	256
12260. 128x128	228	1246	256	256
12788. 128x128	2853	2815	256	256
14214. 128x128	2939	2398	256	256
