178. 128x128	3063	181	256	256
849. 128x128	1039	1583	256	256
974. 128x128	2279	1501	256	256
1140. 128x128	3158	484	256	256
1314. 128x128	3382	362	256	256
2059. 128x128	279	286	256	256
4539. 128x128	2794	1683	256	256
4543. 128x128	587	1683	256	256
5012. 128x128	2803	1338	256	256
5079. 128x128	2114	527	256	256
5472. 128x128	3158	1457	256	256
5987. 128x128	3458	1281	256	256
6638. 128x128	2180	3294	256	256
7205. 128x128	3145	2908	256	256
8613. 128x128	3791	3494	256	256
9860. 128x128	13	1423	256	256
10441. 128x128	231	3700	256	256
11895. 128x128	1006	2892	256	256
12110. 128x128	3202	2972	256	256
12237. 128x128	3202	2972	256	256
13278. 128x128	1131	1944	256	256
13473. 128x128	241	84	256	256
14037. 128x128	52	3823	256	256
14322. 128x128	994	819	256	256
