632. 128x128	588	1647	256	256
687. 128x128	1020	989	256	256
111. 128x128	2415	492	256	256
911. 128x128	3838	955	256	256
2188. 128x128	3499	3821	256	256
2165. 128x128	3492	2635	256	256
2634. 128x128	3358	211	256	256
2960. 128x128	799	3277	256	256
3272. 128x128	3166	2843	256	256
3748. 128x128	2231	3147	256	256
3580. 128x128	2925	1131	256	256
4451. 128x128	1999	3465	256	256
5196. 128x128	3222	2437	256	256
5234. 128x128	1641	1602	256	256
6281. 128x128	3019	1457	256	256
6113. 128x128	1337	3639	256	256
6835. 128x128	1810	1169	256	256
7570. 128x128	782	3283	256	256
8083. 128x128	732	2653	256	256
9207. 128x128	2881	1805	256	256
9827. 128x128	3394	3503	256	256
9853. 128x128	1017	110	256	256
10338. 128x128	1417	2596	256	256
11089. 128x128	732	2653	256	256
11915. 128x128	405	2112	256	256
12880. 128x128	1042	1567	256	256
12943. 128x128	1444	1366	256	256
13179. 128x128	1485	1641	256	256
13231. 128x128	1974	2256	256	256
13328. 128x128	1962	832	256	256
13518. 128x128	1485	1641	256	256
13570. 128x128	1974	2256	256	256
14088. 128x128	252	2094	256	256
14511. 128x128	3379	973	256	256
