254. 128x128	1585	2926	256	256
3849. 128x128	1730	3356	256	256
4235. 128x128	789	621	256	256
4455. 128x128	2115	2442	256	256
4602. 128x128	3579	1161	256	256
4610. 128x128	2859	1226	256	256
4771. 128x128	1088	2442	256	256
4990. 128x128	3065	2023	256	256
5117. 128x128	541	3421	256	256
5243. 128x128	3724	219	256	256
5553. 128x128	3413	504	256	256
7314. 128x128	1702	796	256	256
8301. 128x128	1833	1364	256	256
10754. 128x128	2276	3224	256	256
10927. 128x128	1525	3565	256	256
11190. 128x128	778	1481	256	256
11286. 128x128	3372	851	256	256
12453. 128x128	1986	950	256	256
12457. 128x128	814	932	256	256
14026. 128x128	1136	156	256	256
14363. 128x128	2571	1874	256	256
14419. 128x128	131	323	256	256
15216. 128x128	3617	1830	256	256
15174. 128x128	2121	1127	256	256
