63. 128x128	2357	116	256	256
2442. 128x128	774	2104	256	256
2357. 128x128	3536	420	256	256
3002. 128x128	1402	1449	256	256
5312. 128x128	1602	2438	256	256
6152. 128x128	2746	2676	256	256
8326. 128x128	1839	1672	256	256
8913. 128x128	3460	1297	256	256
9163. 128x128	11	153	256	256
9601. 128x128	2644	1230	256	256
9773. 128x128	226	1396	256	256
10745. 128x128	3565	707	256	256
10853. 128x128	65	737	256	256
10854. 128x128	2898	1134	256	256
10935. 128x128	1732	373	256	256
12083. 128x128	580	2995	256	256
12210. 128x128	580	2995	256	256
13059. 128x128	366	727	256	256
13818. 128x128	505	953	256	256
15229. 128x128	2458	2667	256	256
