506. 128x128	3420	2904	256	256
358. 128x128	325	2608	256	256
197. 128x128	3214	2838	256	256
1610. 128x128	278	2607	256	256
1929. 128x128	1009	2862	256	256
2311. 128x128	1333	754	256	256
2317. 128x128	1372	3407	256	256
2086. 128x128	215	1102	256	256
1988. 128x128	3280	1235	256	256
2527. 128x128	3170	2517	256	256
2849. 128x128	3072	3516	256	256
2917. 128x128	1657	355	256	256
3739. 128x128	3186	3640	256	256
3799. 128x128	411	2834	256	256
3859. 128x128	196	3201	256	256
4804. 128x128	916	2577	256	256
5054. 128x128	2854	3495	256	256
5076. 128x128	600	2204	256	256
5536. 128x128	1284	3034	256	256
6430. 128x128	1201	2764	256	256
7297. 128x128	3539	838	256	256
7612. 128x128	3623	652	256	256
7721. 128x128	2797	0	256	256
8605. 128x128	3668	3802	256	256
9904. 128x128	1608	3482	256	256
11889. 128x128	2496	1459	256	256
12584. 128x128	1820	151	256	256
13748. 128x128	2917	2907	256	256
13994. 128x128	2508	1740	256	256
14143. 128x128	2330	831	256	256
