130. 128x128	185	1194	256	256
331. 128x128	925	2186	256	256
182. 128x128	1734	357	256	256
1383. 128x128	206	2665	256	256
2071. 128x128	754	2659	256	256
2418. 128x128	3025	1060	256	256
4352. 128x128	1041	3671	256	256
5152. 128x128	1889	2691	256	256
7176. 128x128	3654	3504	256	256
7328. 128x128	1302	793	256	256
7545. 128x128	939	1398	256	256
8271. 128x128	872	3631	256	256
8307. 128x128	1266	473	256	256
9274. 128x128	2040	721	256	256
12958. 128x128	1421	1040	256	256
13776. 128x128	3790	2144	256	256
13722. 128x128	714	2100	256	256
14135. 128x128	3398	1285	256	256
14761. 128x128	3561	505	256	256
15052. 128x128	2658	2698	256	256
