276. 128x128	3578	2626	256	256
921. 128x128	2823	1220	256	256
2049. 128x128	1256	1463	256	256
2159. 128x128	1249	3585	256	256
6218. 128x128	1650	3716	256	256
7145. 128x128	1282	606	256	256
7899. 128x128	3704	3200	256	256
9039. 128x128	1545	2379	256	256
10387. 128x128	3700	3405	256	256
10958. 128x128	3731	705	256	256
12351. 128x128	1570	1268	256	256
12557. 128x128	3667	1641	256	256
12787. 128x128	1794	2313	256	256
12637. 128x128	1597	3410	256	256
12881. 128x128	1101	3290	256	256
14239. 128x128	1722	2343	256	256
