66. 128x128	1030	3696	256	256
1073. 128x128	2103	966	256	256
1257. 128x128	1503	3815	256	256
1945. 128x128	1710	903	256	256
4854. 128x128	874	709	256	256
5279. 128x128	2575	422	256	256
5447. 128x128	2104	3634	256	256
5572. 128x128	980	1850	256	256
5594. 128x128	2099	813	256	256
5910. 128x128	1355	3790	256	256
6215. 128x128	419	2594	256	256
7726. 128x128	1008	3124	256	256
9237. 128x128	3267	1595	256	256
10950. 128x128	786	585	256	256
11429. 128x128	447	3373	256	256
11811. 128x128	307	2973	256	256
12125. 128x128	267	2182	256	256
12252. 128x128	267	2182	256	256
13136. 128x128	1965	1493	256	256
14224. 128x128	2829	2584	256	256
14261. 128x128	286	499	256	256
14681. 128x128	3815	2341	256	256
15227. 128x128	1229	1632	256	256
15168. 128x128	3514	3323	256	256
