365. 128x128	330	1817	256	256
855. 128x128	2054	1211	256	256
309. 128x128	400	672	256	256
830. 128x128	1972	1475	256	256
988. 128x128	1707	1353	256	256
1813. 128x128	1850	625	256	256
3001. 128x128	3440	3386	256	256
3100. 128x128	3247	747	256	256
3947. 128x128	2742	172	256	256
4975. 128x128	3221	923	256	256
6811. 128x128	440	3770	256	256
6972. 128x128	2711	2231	256	256
7279. 128x128	1617	1425	256	256
7697. 128x128	2659	1335	256	256
8363. 128x128	3171	698	256	256
8733. 128x128	3760	2625	256	256
8546. 128x128	462	758	256	256
9018. 128x128	257	2166	256	256
10095. 128x128	1777	484	256	256
9964. 128x128	2403	3598	256	256
10330. 128x128	2744	2716	256	256
10459. 128x128	278	1604	256	256
10751. 128x128	1363	3567	256	256
12129. 128x128	166	427	256	256
12256. 128x128	166	427	256	256
12515. 128x128	2763	1207	256	256
12516. 128x128	650	972	256	256
12760. 128x128	2401	631	256	256
13769. 128x128	401	3353	256	256
14387. 128x128	3194	3539	256	256
