222. 128x128	889	3676	256	256
752. 128x128	3636	1217	256	256
1083. 128x128	1468	391	256	256
138. 128x128	185	138	256	256
2198. 128x128	818	534	256	256
2594. 128x128	2981	3300	256	256
3587. 128x128	1233	3621	256	256
4334. 128x128	3081	1192	256	256
4839. 128x128	2132	3808	256	256
5023. 128x128	32	754	256	256
5326. 128x128	474	1945	256	256
6462. 128x128	741	2073	256	256
7047. 128x128	1331	1491	256	256
8291. 128x128	1117	552	256	256
8720. 128x128	562	1043	256	256
8871. 128x128	350	3132	256	256
10109. 128x128	1225	3725	256	256
10151. 128x128	1025	3677	256	256
10729. 128x128	2204	3344	256	256
10850. 128x128	2164	2208	256	256
11948. 128x128	385	775	256	256
14266. 128x128	3730	77	256	256
15273. 128x128	1273	952	256	256
