596. 128x128	687	1106	256	256
240. 128x128	3484	2517	256	256
274. 128x128	1429	3048	256	256
183. 128x128	641	992	256	256
1540. 128x128	437	3229	256	256
2424. 128x128	937	281	256	256
2229. 128x128	2097	2879	256	256
2606. 128x128	3656	2481	256	256
2630. 128x128	3167	920	256	256
5033. 128x128	63	589	256	256
5900. 128x128	2327	1860	256	256
6465. 128x128	3198	26	256	256
6893. 128x128	727	3079	256	256
7456. 128x128	1355	3643	256	256
7313. 128x128	227	2748	256	256
7474. 128x128	2483	1943	256	256
7379. 128x128	1956	492	256	256
7404. 128x128	2293	83	256	256
8040. 128x128	2962	1920	256	256
9878. 128x128	1998	1575	256	256
10042. 128x128	324	2262	256	256
10092. 128x128	1206	3028	256	256
11045. 128x128	2962	1920	256	256
10986. 128x128	3388	1478	256	256
11450. 128x128	3371	1316	256	256
11475. 128x128	3579	1327	256	256
11556. 128x128	3371	1316	256	256
11583. 128x128	3579	1327	256	256
12697. 128x128	3589	1896	256	256
12817. 128x128	146	22	256	256
13043. 128x128	2452	3288	256	256
13230. 128x128	1814	2943	256	256
13359. 128x128	585	2825	256	256
13569. 128x128	1814	2943	256	256
14953. 128x128	2249	2400	256	256
15272. 128x128	2972	1702	256	256
