654. 128x128	319	770	256	256
351. 128x128	1938	1644	256	256
121. 128x128	2245	2327	256	256
630. 128x128	2590	3090	256	256
843. 128x128	1470	926	256	256
953. 128x128	1689	1608	256	256
1300. 128x128	2861	804	256	256
1963. 128x128	1885	3245	256	256
2435. 128x128	2855	2507	256	256
2557. 128x128	1889	3635	256	256
2587. 128x128	106	2644	256	256
2628. 128x128	3637	2799	256	256
2764. 128x128	945	3753	256	256
3014. 128x128	1161	621	256	256
3066. 128x128	2717	3189	256	256
4407. 128x128	3276	1744	256	256
4153. 128x128	69	1700	256	256
4477. 128x128	2691	1056	256	256
4925. 128x128	136	568	256	256
4933. 128x128	1266	1328	256	256
5064. 128x128	2481	2930	256	256
5212. 128x128	2954	2870	256	256
5249. 128x128	2457	3756	256	256
5260. 128x128	2137	1572	256	256
5395. 128x128	3137	1442	256	256
6478. 128x128	2244	925	256	256
6920. 128x128	3782	2294	256	256
8088. 128x128	2681	431	256	256
8741. 128x128	202	3070	256	256
8974. 128x128	291	3574	256	256
9061. 128x128	326	3581	256	256
10044. 128x128	3127	2061	256	256
10057. 128x128	2891	380	256	256
10674. 128x128	2965	3123	256	256
11094. 128x128	2681	431	256	256
12101. 128x128	2119	3743	256	256
12228. 128x128	2119	3743	256	256
13335. 128x128	1160	1743	256	256
13593. 128x128	1140	1537	256	256
14754. 128x128	1136	1503	256	256
15207. 128x128	1227	3374	256	256
