543. 128x128	3007	940	256	256
698. 128x128	952	3591	256	256
593. 128x128	3733	1752	256	256
1438. 128x128	347	1894	256	256
1456. 128x128	2381	882	256	256
1968. 128x128	2883	2512	256	256
2655. 128x128	192	3732	256	256
2817. 128x128	1932	276	256	256
3144. 128x128	1432	8	256	256
3295. 128x128	3177	2136	256	256
4243. 128x128	3069	3537	256	256
4127. 128x128	2117	3439	256	256
4435. 128x128	3267	3426	256	256
4802. 128x128	2594	2035	256	256
4944. 128x128	1083	2945	256	256
6121. 128x128	3	1996	256	256
6544. 128x128	1151	664	256	256
6800. 128x128	1922	2550	256	256
7605. 128x128	568	906	256	256
7760. 128x128	984	916	256	256
8315. 128x128	749	794	256	256
8243. 128x128	1324	3594	256	256
8536. 128x128	586	1767	256	256
9327. 128x128	1169	609	256	256
9205. 128x128	3731	1386	256	256
9513. 128x128	3820	2529	256	256
10043. 128x128	3191	2405	256	256
10409. 128x128	3650	3160	256	256
10682. 128x128	1657	3384	256	256
10808. 128x128	2584	820	256	256
11379. 128x128	268	2027	256	256
11658. 128x128	2074	1155	256	256
11900. 128x128	1570	2809	256	256
12298. 128x128	2563	3334	256	256
12638. 128x128	360	2707	256	256
12953. 128x128	1435	3017	256	256
13144. 128x128	770	1095	256	256
13395. 128x128	1509	3136	256	256
13396. 128x128	319	3190	256	256
13483. 128x128	770	1095	256	256
13983. 128x128	2860	394	256	256
14272. 128x128	1758	3520	256	256
14894. 128x128	2375	1690	256	256
14915. 128x128	1536	315	256	256
