651. 128x128	1880	3588	256	256
253. 128x128	2971	2340	256	256
868. 128x128	1798	1352	256	256
1797. 128x128	1511	2588	256	256
4299. 128x128	3243	2966	256	256
4167. 128x128	1918	1588	256	256
4466. 128x128	3806	2996	256	256
5268. 128x128	1135	2305	256	256
6233. 128x128	3213	1212	256	256
7234. 128x128	203	1497	256	256
8150. 128x128	483	1451	256	256
8717. 128x128	3130	357	256	256
8867. 128x128	2295	2852	256	256
9543. 128x128	1635	2836	256	256
10271. 128x128	3548	2025	256	256
11156. 128x128	483	1451	256	256
11330. 128x128	673	1223	256	256
11484. 128x128	1582	1921	256	256
11845. 128x128	2527	905	256	256
12426. 128x128	2161	2899	256	256
12577. 128x128	3572	366	256	256
12714. 128x128	642	532	256	256
12873. 128x128	3572	366	256	256
12998. 128x128	2007	1060	256	256
14097. 128x128	1204	1535	256	256
14259. 128x128	3725	3407	256	256
14437. 128x128	2296	2442	256	256
