98. 128x128	284	32	256	256
792. 128x128	1004	1702	256	256
738. 128x128	2212	2296	256	256
1495. 128x128	3522	2688	256	256
2504. 128x128	797	3258	256	256
2736. 128x128	1028	1791	256	256
4432. 128x128	2242	3478	256	256
5734. 128x128	2914	2631	256	256
6020. 128x128	2545	3175	256	256
7027. 128x128	1211	1522	256	256
7505. 128x128	3339	3059	256	256
7361. 128x128	1953	328	256	256
9846. 128x128	422	1867	256	256
10701. 128x128	1519	3033	256	256
12075. 128x128	2589	2871	256	256
12202. 128x128	2589	2871	256	256
13329. 128x128	480	2066	256	256
13682. 128x128	623	1603	256	256
