300. 128x128	284	855	256	256
1592. 128x128	2508	1675	256	256
1839. 128x128	1088	575	256	256
2444. 128x128	347	3071	256	256
4295. 128x128	2255	2439	256	256
4461. 128x128	1729	1480	256	256
5226. 128x128	2740	2979	256	256
5532. 128x128	1694	346	256	256
6056. 128x128	132	1875	256	256
6904. 128x128	2497	1336	256	256
8365. 128x128	2553	798	256	256
8622. 128x128	415	1851	256	256
11284. 128x128	281	1114	256	256
11510. 128x128	1415	286	256	256
11621. 128x128	1415	286	256	256
14653. 128x128	2909	252	256	256
14827. 128x128	2909	252	256	256
15336. 128x128	2704	3662	256	256
