385. 128x128	256	3042	256	256
1918. 128x128	3558	1536	256	256
2252. 128x128	1827	2527	256	256
2308. 128x128	53	3622	256	256
2174. 128x128	188	1227	256	256
4059. 128x128	3186	2055	256	256
4594. 128x128	3735	229	256	256
5806. 128x128	3680	2157	256	256
7111. 128x128	1826	2291	256	256
7551. 128x128	3465	1519	256	256
7866. 128x128	3676	1971	256	256
9232. 128x128	3203	3174	256	256
10297. 128x128	550	292	256	256
13469. 128x128	3094	2552	256	256
13472. 128x128	1623	3328	256	256
14522. 128x128	1337	2546	256	256
