75. 128x128	745	3253	256	256
935. 128x128	2257	963	256	256
559. 128x128	3573	1948	256	256
1906. 128x128	3477	894	256	256
1995. 128x128	2696	2588	256	256
3018. 128x128	252	1149	256	256
3977. 128x128	1460	755	256	256
5577. 128x128	3826	2454	256	256
6068. 128x128	2608	3478	256	256
6980. 128x128	2535	2321	256	256
10510. 128x128	2017	3357	256	256
13250. 128x128	297	1517	256	256
13343. 128x128	1340	2097	256	256
13589. 128x128	297	1517	256	256
13445. 128x128	2842	1923	256	256
15051. 128x128	1704	840	256	256
