140. 128x128	419	586	256	256
1027. 128x128	3751	3702	256	256
994. 128x128	2694	1438	256	256
560. 128x128	3771	723	256	256
2322. 128x128	3256	657	256	256
2332. 128x128	867	2931	256	256
2234. 128x128	1445	2098	256	256
2359. 128x128	1114	2710	256	256
3155. 128x128	1000	2938	256	256
3298. 128x128	723	382	256	256
3368. 128x128	2317	1165	256	256
3466. 128x128	2076	2790	256	256
3958. 128x128	1807	1159	256	256
4262. 128x128	3806	1220	256	256
4327. 128x128	3368	1655	256	256
5200. 128x128	3809	3163	256	256
7500. 128x128	1826	1209	256	256
8627. 128x128	1173	3239	256	256
8547. 128x128	2324	1462	256	256
10065. 128x128	1012	1319	256	256
10082. 128x128	603	1026	256	256
10529. 128x128	2798	3013	256	256
10628. 128x128	2891	109	256	256
10636. 128x128	298	2234	256	256
10642. 128x128	1527	74	256	256
10943. 128x128	3467	2897	256	256
11598. 128x128	62	3137	256	256
11874. 128x128	230	2825	256	256
11897. 128x128	3622	2927	256	256
13420. 128x128	3613	2457	256	256
14285. 128x128	2455	2657	256	256
14605. 128x128	1491	2661	256	256
14557. 128x128	691	3574	256	256
14716. 128x128	600	2687	256	256
