682. 128x128	714	939	256	256
51. 128x128	2917	1474	256	256
1313. 128x128	2037	2298	256	256
1668. 128x128	2215	329	256	256
2243. 128x128	1680	661	256	256
2717. 128x128	2630	2775	256	256
3630. 128x128	248	1360	256	256
3816. 128x128	1584	2765	256	256
3822. 128x128	3107	898	256	256
4359. 128x128	3655	3632	256	256
5429. 128x128	1056	2613	256	256
5696. 128x128	1736	1796	256	256
6364. 128x128	902	2760	256	256
6385. 128x128	2545	65	256	256
6624. 128x128	353	1964	256	256
6691. 128x128	755	1227	256	256
7002. 128x128	1991	972	256	256
8807. 128x128	556	111	256	256
8931. 128x128	1217	550	256	256
8960. 128x128	2227	2535	256	256
9079. 128x128	3170	181	256	256
9357. 128x128	2859	2738	256	256
9724. 128x128	438	1363	256	256
9936. 128x128	3768	820	256	256
10547. 128x128	1441	2135	256	256
10899. 128x128	3648	1429	256	256
10919. 128x128	2381	1742	256	256
11176. 128x128	3636	347	256	256
12349. 128x128	2695	1175	256	256
12397. 128x128	3704	2242	256	256
12415. 128x128	833	1985	256	256
13761. 128x128	3829	975	256	256
