78. 128x128	1851	1060	256	256
2481. 128x128	3540	2050	256	256
2870. 128x128	3186	1400	256	256
4163. 128x128	2436	3118	256	256
4687. 128x128	344	51	256	256
5516. 128x128	3607	2215	256	256
5601. 128x128	1457	1190	256	256
5706. 128x128	2021	1947	256	256
6432. 128x128	294	3434	256	256
6764. 128x128	3206	3213	256	256
10770. 128x128	1972	3200	256	256
10832. 128x128	227	96	256	256
10840. 128x128	217	1440	256	256
11293. 128x128	3274	1822	256	256
12393. 128x128	3506	2708	256	256
14328. 128x128	3620	3384	256	256
15318. 128x128	1596	380	256	256
