692. 128x128	3822	835	256	256
917. 128x128	406	694	256	256
2262. 128x128	768	1218	256	256
2484. 128x128	1599	483	256	256
3716. 128x128	990	2620	256	256
3997. 128x128	3759	712	256	256
4821. 128x128	1453	2374	256	256
4884. 128x128	3381	648	256	256
6224. 128x128	1779	2005	256	256
6156. 128x128	3616	3584	256	256
8031. 128x128	17	3305	256	256
8244. 128x128	2469	1520	256	256
8405. 128x128	771	2300	256	256
8777. 128x128	2549	1136	256	256
8652. 128x128	2852	809	256	256
10045. 128x128	3022	3275	256	256
9965. 128x128	1864	2744	256	256
10639. 128x128	65	2034	256	256
10721. 128x128	2254	3562	256	256
11035. 128x128	17	3305	256	256
11312. 128x128	1314	168	256	256
11408. 128x128	3408	2546	256	256
12423. 128x128	689	2079	256	256
14567. 128x128	1333	3358	256	256
14927. 128x128	225	2157	256	256
15038. 128x128	3628	2180	256	256
