375. 128x128	3524	364	256	256
1109. 128x128	3578	2226	256	256
1340. 128x128	2875	667	256	256
2874. 128x128	3735	2943	256	256
3280. 128x128	1826	3740	256	256
3437. 128x128	1430	3830	256	256
4732. 128x128	231	3543	256	256
5583. 128x128	2727	1670	256	256
6641. 128x128	3516	2427	256	256
6805. 128x128	903	2010	256	256
6932. 128x128	140	2108	256	256
7334. 128x128	1296	2405	256	256
7940. 128x128	1124	539	256	256
8866. 128x128	2888	420	256	256
10470. 128x128	3790	1791	256	256
12121. 128x128	1215	143	256	256
12248. 128x128	1215	143	256	256
13816. 128x128	3538	475	256	256
