150. 128x128	830	1585	256	256
765. 128x128	1424	1606	256	256
380. 128x128	262	3242	256	256
87. 128x128	2987	2445	256	256
1173. 128x128	2083	3152	256	256
1319. 128x128	1895	1003	256	256
1664. 128x128	1414	2480	256	256
1706. 128x128	2357	2518	256	256
3403. 128x128	1612	3705	256	256
4152. 128x128	2226	3777	256	256
5031. 128x128	485	1652	256	256
5275. 128x128	766	1889	256	256
6279. 128x128	2353	298	256	256
7271. 128x128	2416	2486	256	256
7439. 128x128	3462	2226	256	256
9058. 128x128	1958	2202	256	256
9396. 128x128	1779	491	256	256
9631. 128x128	904	1801	256	256
10653. 128x128	642	2706	256	256
11305. 128x128	631	2446	256	256
11397. 128x128	1816	2298	256	256
13089. 128x128	2676	1535	256	256
14428. 128x128	1262	3183	256	256
14755. 128x128	556	3063	256	256
15048. 128x128	44	645	256	256
