670. 128x128	2529	2104	256	256
411. 128x128	164	1459	256	256
2430. 128x128	1273	2717	256	256
2201. 128x128	2215	664	256	256
4462. 128x128	568	3712	256	256
6750. 128x128	2709	2307	256	256
8767. 128x128	1114	2238	256	256
9052. 128x128	2012	183	256	256
9915. 128x128	3028	897	256	256
10652. 128x128	612	3356	256	256
12064. 128x128	2539	625	256	256
12191. 128x128	2539	625	256	256
13299. 128x128	818	3755	256	256
13739. 128x128	3018	472	256	256
13943. 128x128	3070	1099	256	256
14884. 128x128	1576	3229	256	256
