549. 128x128	2816	578	256	256
424. 128x128	1570	1923	256	256
1219. 128x128	2420	3538	256	256
913. 128x128	1354	1037	256	256
978. 128x128	164	3389	256	256
1605. 128x128	1709	54	256	256
1627. 128x128	3517	1000	256	256
5018. 128x128	1419	2847	256	256
5826. 128x128	3604	1893	256	256
6105. 128x128	2638	1104	256	256
7206. 128x128	2168	1456	256	256
8284. 128x128	2845	3756	256	256
10277. 128x128	2687	2981	256	256
11700. 128x128	2769	3047	256	256
11837. 128x128	1360	414	256	256
12447. 128x128	2233	941	256	256
12739. 128x128	2818	1375	256	256
12769. 128x128	630	727	256	256
12804. 128x128	3660	227	256	256
12925. 128x128	3785	2516	256	256
13794. 128x128	3811	1170	256	256
14361. 128x128	3466	2686	256	256
14402. 128x128	1663	2977	256	256
14459. 128x128	340	1227	256	256
14583. 128x128	2260	2572	256	256
15182. 128x128	424	617	256	256
