476. 128x128	2752	2953	256	256
504. 128x128	928	3352	256	256
1938. 128x128	1181	2114	256	256
5112. 128x128	3696	1000	256	256
6390. 128x128	213	2442	256	256
6761. 128x128	66	2321	256	256
7086. 128x128	1748	2897	256	256
7874. 128x128	2139	1560	256	256
8638. 128x128	1589	2360	256	256
8648. 128x128	1797	283	256	256
8672. 128x128	2275	166	256	256
9147. 128x128	2123	3334	256	256
9257. 128x128	1505	2590	256	256
10994. 128x128	3063	2979	256	256
11193. 128x128	1821	87	256	256
11234. 128x128	2178	3807	256	256
11717. 128x128	1313	1938	256	256
11773. 128x128	3783	136	256	256
12329. 128x128	763	212	256	256
12429. 128x128	1107	1557	256	256
13052. 128x128	613	201	256	256
13102. 128x128	3334	2886	256	256
13310. 128x128	3492	3504	256	256
13672. 128x128	1260	2547	256	256
15213. 128x128	3727	1448	256	256
15299. 128x128	1754	134	256	256
