556. 128x128	199	3304	256	256
1011. 128x128	2288	3676	256	256
1742. 128x128	434	2720	256	256
4300. 128x128	3069	3258	256	256
5183. 128x128	3592	3778	256	256
5231. 128x128	780	565	256	256
5531. 128x128	201	1076	256	256
6592. 128x128	3126	2709	256	256
7469. 128x128	3720	1951	256	256
8841. 128x128	1441	2208	256	256
8909. 128x128	2747	2839	256	256
8940. 128x128	3747	692	256	256
11173. 128x128	2517	3512	256	256
13130. 128x128	1646	1421	256	256
13853. 128x128	1638	3740	256	256
13717. 128x128	403	837	256	256
14144. 128x128	2006	2387	256	256
14916. 128x128	3124	851	256	256
