256. 128x128	3382	1912	256	256
963. 128x128	1778	1114	256	256
1511. 128x128	1046	1374	256	256
1581. 128x128	187	1524	256	256
1874. 128x128	952	215	256	256
2168. 128x128	2219	2369	256	256
2681. 128x128	268	44	256	256
3110. 128x128	3323	3049	256	256
3522. 128x128	2849	3598	256	256
3817. 128x128	3676	170	256	256
6261. 128x128	3037	191	256	256
8541. 128x128	858	2379	256	256
8793. 128x128	1481	1510	256	256
8817. 128x128	3433	1002	256	256
9784. 128x128	720	951	256	256
9894. 128x128	482	1348	256	256
10059. 128x128	741	1408	256	256
10131. 128x128	2301	288	256	256
10664. 128x128	284	378	256	256
11975. 128x128	919	2550	256	256
12617. 128x128	487	3638	256	256
12634. 128x128	1231	2902	256	256
14919. 128x128	2304	269	256	256
15120. 128x128	89	1919	256	256
