525. 128x128	1631	2064	256	256
1092. 128x128	2732	3799	256	256
961. 128x128	2050	1628	256	256
2393. 128x128	3114	151	256	256
2745. 128x128	579	455	256	256
3841. 128x128	63	2569	256	256
4328. 128x128	284	2127	256	256
5464. 128x128	950	2528	256	256
6144. 128x128	3487	1441	256	256
6569. 128x128	1886	1735	256	256
6961. 128x128	2318	58	256	256
8535. 128x128	1092	1649	256	256
9766. 128x128	2545	871	256	256
10637. 128x128	1552	3102	256	256
11405. 128x128	1254	1413	256	256
13802. 128x128	846	3222	256	256
14046. 128x128	2801	958	256	256
14283. 128x128	1472	2905	256	256
15204. 128x128	2339	1582	256	256
