501. 128x128	647	660	256	256
23. 128x128	2593	72	256	256
500. 128x128	3829	2332	256	256
3182. 128x128	2202	1261	256	256
3364. 128x128	1242	933	256	256
3747. 128x128	1418	2486	256	256
4256. 128x128	3762	376	256	256
4118. 128x128	214	1696	256	256
6089. 128x128	2210	3098	256	256
6147. 128x128	866	738	256	256
6679. 128x128	3486	1949	256	256
6560. 128x128	3108	2866	256	256
7398. 128x128	3332	2180	256	256
7923. 128x128	554	3095	256	256
8072. 128x128	2732	3526	256	256
8190. 128x128	2800	3369	256	256
9115. 128x128	3328	3787	256	256
9685. 128x128	2850	1886	256	256
10101. 128x128	1820	2913	256	256
10295. 128x128	1810	3576	256	256
11078. 128x128	2732	3526	256	256
11520. 128x128	3495	1126	256	256
11709. 128x128	709	2556	256	256
11631. 128x128	3495	1126	256	256
12487. 128x128	3676	3456	256	256
12517. 128x128	474	678	256	256
12533. 128x128	757	2848	256	256
12813. 128x128	474	678	256	256
13238. 128x128	803	2649	256	256
13577. 128x128	803	2649	256	256
14912. 128x128	602	1153	256	256
