253. 128x128	2971	2340	256	256
1041. 128x128	557	938	256	256
1278. 128x128	1335	2479	256	256
942. 128x128	3806	33	256	256
1489. 128x128	432	3040	256	256
2286. 128x128	3793	431	256	256
2212. 128x128	3488	3375	256	256
3180. 128x128	259	485	256	256
3263. 128x128	259	485	256	256
4582. 128x128	666	749	256	256
5552. 128x128	2369	1542	256	256
6273. 128x128	2077	247	256	256
6348. 128x128	1975	424	256	256
7230. 128x128	103	1843	256	256
7997. 128x128	256	1098	256	256
8027. 128x128	747	1992	256	256
9902. 128x128	138	1466	256	256
11031. 128x128	747	1992	256	256
11093. 128x128	2718	4	256	256
11283. 128x128	1448	853	256	256
11765. 128x128	3165	733	256	256
12836. 128x128	2911	681	256	256
13188. 128x128	3277	1367	256	256
13220. 128x128	1040	1376	256	256
13323. 128x128	840	2540	256	256
13527. 128x128	3277	1367	256	256
13559. 128x128	1040	1376	256	256
13449. 128x128	1980	2894	256	256
13955. 128x128	2100	3198	256	256
14264. 128x128	1628	2882	256	256
14450. 128x128	3762	727	256	256
14674. 128x128	1095	1886	256	256
15286. 128x128	681	107	256	256
