490. 128x128	3378	2007	256	256
3602. 128x128	1085	877	256	256
4670. 128x128	2937	3064	256	256
5074. 128x128	1392	2476	256	256
7323. 128x128	632	1263	256	256
7867. 128x128	598	56	256	256
9132. 128x128	3397	1535	256	256
9279. 128x128	808	1967	256	256
10288. 128x128	2808	360	256	256
10296. 128x128	3602	2928	256	256
10722. 128x128	3423	3299	256	256
11881. 128x128	2751	1287	256	256
12087. 128x128	989	1702	256	256
12214. 128x128	989	1702	256	256
12440. 128x128	1104	2567	256	256
12999. 128x128	3025	3148	256	256
13080. 128x128	3485	2006	256	256
13105. 128x128	2639	2338	256	256
13416. 128x128	2165	1860	256	256
13835. 128x128	205	2529	256	256
14062. 128x128	3471	2439	256	256
15116. 128x128	2644	3422	256	256
