550. 128x128	3613	295	256	256
451. 128x128	649	175	256	256
667. 128x128	624	2861	256	256
418. 128x128	76	3801	256	256
801. 128x128	2930	2646	256	256
1749. 128x128	51	3550	256	256
1635. 128x128	3327	2617	256	256
2100. 128x128	1861	140	256	256
3346. 128x128	1513	2080	256	256
4429. 128x128	731	3158	256	256
5187. 128x128	1991	3294	256	256
5316. 128x128	2737	2749	256	256
5545. 128x128	1879	2084	256	256
5593. 128x128	2301	2308	256	256
6239. 128x128	872	3239	256	256
6412. 128x128	3476	690	256	256
7400. 128x128	1700	2340	256	256
7606. 128x128	509	2529	256	256
7842. 128x128	3489	1097	256	256
9514. 128x128	3272	2009	256	256
10063. 128x128	3278	360	256	256
10314. 128x128	1042	882	256	256
11261. 128x128	1467	540	256	256
11526. 128x128	1379	2980	256	256
11679. 128x128	2705	1641	256	256
11637. 128x128	1379	2980	256	256
14475. 128x128	603	272	256	256
14976. 128x128	274	3380	256	256
