630. 128x128	2590	3090	256	256
1296. 128x128	1963	1166	256	256
2644. 128x128	349	3743	256	256
3653. 128x128	2615	732	256	256
3792. 128x128	444	1986	256	256
4043. 128x128	680	985	256	256
4129. 128x128	1229	1964	256	256
5471. 128x128	1151	1576	256	256
5883. 128x128	3783	1619	256	256
6648. 128x128	1658	967	256	256
6809. 128x128	2777	3293	256	256
7463. 128x128	11	1754	256	256
8237. 128x128	2973	2748	256	256
8926. 128x128	1730	724	256	256
9510. 128x128	2689	1103	256	256
9995. 128x128	3216	825	256	256
10494. 128x128	120	3417	256	256
11319. 128x128	3198	1004	256	256
11417. 128x128	1621	2014	256	256
11444. 128x128	3391	815	256	256
11549. 128x128	3391	815	256	256
11751. 128x128	1309	1336	256	256
11821. 128x128	64	605	256	256
12370. 128x128	2323	736	256	256
13998. 128x128	1439	497	256	256
14340. 128x128	3261	591	256	256
