451. 128x128	649	175	256	256
34. 128x128	2894	734	256	256
478. 128x128	3501	498	256	256
94. 128x128	1239	1289	256	256
1905. 128x128	835	205	256	256
2055. 128x128	3068	2736	256	256
2222. 128x128	3047	2717	256	256
3159. 128x128	210	52	256	256
3094. 128x128	3632	3781	256	256
3305. 128x128	1105	264	256	256
3242. 128x128	210	52	256	256
3755. 128x128	762	1143	256	256
3827. 128x128	2583	751	256	256
4061. 128x128	737	125	256	256
4272. 128x128	1880	2523	256	256
4727. 128x128	1641	163	256	256
4864. 128x128	669	1980	256	256
5466. 128x128	851	2971	256	256
5590. 128x128	1402	1688	256	256
6091. 128x128	954	63	256	256
7243. 128x128	1517	567	256	256
9016. 128x128	2281	960	256	256
9376. 128x128	3091	2534	256	256
10933. 128x128	2307	1363	256	256
11001. 128x128	3181	3603	256	256
11810. 128x128	3352	3182	256	256
12674. 128x128	3494	2643	256	256
13307. 128x128	3811	2959	256	256
13340. 128x128	2414	1453	256	256
13643. 128x128	3054	1311	256	256
