710. 128x128	1583	3309	256	256
1033. 128x128	474	3180	256	256
2518. 128x128	2057	1301	256	256
2574. 128x128	1006	1803	256	256
3290. 128x128	3358	2021	256	256
3207. 128x128	3358	2021	256	256
5119. 128x128	2764	2621	256	256
5141. 128x128	3645	1132	256	256
5208. 128x128	2878	3148	256	256
5777. 128x128	1097	322	256	256
6586. 128x128	2110	779	256	256
7000. 128x128	3203	3776	256	256
8260. 128x128	317	3516	256	256
9489. 128x128	2807	2917	256	256
9447. 128x128	2491	3689	256	256
10214. 128x128	2124	3804	256	256
11029. 128x128	1582	1529	256	256
11899. 128x128	2902	3376	256	256
11986. 128x128	1689	3135	256	256
12854. 128x128	1427	1834	256	256
13347. 128x128	802	2219	256	256
13975. 128x128	1762	553	256	256
14562. 128x128	1398	1798	256	256
14745. 128x128	1364	1902	256	256
