293. 128x128	778	120	256	256
1051. 128x128	1118	2351	256	256
1098. 128x128	2024	168	256	256
592. 128x128	2087	3655	256	256
2919. 128x128	3644	1489	256	256
2921. 128x128	1789	636	256	256
4971. 128x128	1862	2111	256	256
6118. 128x128	2219	103	256	256
6234. 128x128	488	2808	256	256
7270. 128x128	123	3659	256	256
8862. 128x128	228	1280	256	256
10246. 128x128	2456	2480	256	256
10484. 128x128	1072	2593	256	256
11464. 128x128	1996	2526	256	256
11483. 128x128	1526	2995	256	256
11572. 128x128	1996	2526	256	256
11591. 128x128	1526	2995	256	256
12399. 128x128	3027	3552	256	256
12919. 128x128	3612	2230	256	256
13034. 128x128	1136	1468	256	256
13701. 128x128	2620	809	256	256
14210. 128x128	3274	1500	256	256
14397. 128x128	3506	1701	256	256
14515. 128x128	3188	3403	256	256
