154. 128x128	2659	119	256	256
453. 128x128	2424	343	256	256
455. 128x128	3623	708	256	256
1230. 128x128	158	159	256	256
1124. 128x128	3654	1406	256	256
1655. 128x128	2928	3580	256	256
2396. 128x128	778	2307	256	256
2585. 128x128	1825	74	256	256
2837. 128x128	3485	198	256	256
4072. 128x128	1269	565	256	256
4617. 128x128	1851	318	256	256
5557. 128x128	3374	1231	256	256
6675. 128x128	3270	1597	256	256
6839. 128x128	2042	3269	256	256
7383. 128x128	1755	108	256	256
8113. 128x128	2270	3056	256	256
8359. 128x128	537	676	256	256
8591. 128x128	156	2419	256	256
9044. 128x128	3778	3753	256	256
9119. 128x128	1269	1833	256	256
9828. 128x128	1936	835	256	256
10974. 128x128	3333	364	256	256
11119. 128x128	2270	3056	256	256
14019. 128x128	2837	3119	256	256
14111. 128x128	91	2409	256	256
14307. 128x128	1561	2043	256	256
