217. 128x128	590	3816	256	256
1467. 128x128	1404	3763	256	256
1877. 128x128	2786	751	256	256
1625. 128x128	215	2491	256	256
1863. 128x128	188	2160	256	256
2661. 128x128	1428	3498	256	256
2876. 128x128	1751	3745	256	256
2920. 128x128	325	698	256	256
3324. 128x128	2229	1423	256	256
3491. 128x128	2936	1468	256	256
4345. 128x128	1708	2041	256	256
5034. 128x128	981	2345	256	256
5480. 128x128	908	758	256	256
6069. 128x128	1051	1013	256	256
6222. 128x128	546	3487	256	256
6734. 128x128	3359	3524	256	256
7616. 128x128	2146	915	256	256
8061. 128x128	2738	217	256	256
7964. 128x128	2395	1016	256	256
8480. 128x128	2752	1238	256	256
8852. 128x128	792	1697	256	256
9884. 128x128	2757	3437	256	256
10648. 128x128	1491	204	256	256
11067. 128x128	2738	217	256	256
11743. 128x128	3523	438	256	256
12382. 128x128	1064	415	256	256
12468. 128x128	1332	3104	256	256
12596. 128x128	2466	625	256	256
12937. 128x128	509	1734	256	256
13358. 128x128	1005	2643	256	256
13366. 128x128	845	3596	256	256
13718. 128x128	937	916	256	256
13880. 128x128	599	287	256	256
14118. 128x128	1349	2499	256	256
14514. 128x128	2492	2405	256	256
14717. 128x128	1799	1355	256	256
