608. 128x128	790	3689	256	256
638. 128x128	3122	3711	256	256
3188. 128x128	652	2849	256	256
3457. 128x128	525	725	256	256
3459. 128x128	2864	2346	256	256
3888. 128x128	3220	708	256	256
8263. 128x128	1077	1704	256	256
8842. 128x128	2170	2133	256	256
9583. 128x128	1062	2524	256	256
9934. 128x128	810	2118	256	256
11607. 128x128	3474	697	256	256
12113. 128x128	1142	1304	256	256
12240. 128x128	1142	1304	256	256
12616. 128x128	3691	1309	256	256
13311. 128x128	1920	2411	256	256
13897. 128x128	1865	1236	256	256
14339. 128x128	1467	3699	256	256
