539. 128x128	3447	42	256	256
601. 128x128	840	3553	256	256
1386. 128x128	73	412	256	256
1430. 128x128	1960	3611	256	256
1532. 128x128	813	2957	256	256
2755. 128x128	2537	2510	256	256
2942. 128x128	858	3435	256	256
3117. 128x128	3339	1262	256	256
3472. 128x128	2844	2512	256	256
3556. 128x128	3817	297	256	256
3697. 128x128	2165	869	256	256
3740. 128x128	2903	1328	256	256
4120. 128x128	2206	1879	256	256
5192. 128x128	918	1344	256	256
5235. 128x128	1827	1367	256	256
6450. 128x128	2473	1445	256	256
6674. 128x128	3284	2178	256	256
7029. 128x128	210	2263	256	256
7905. 128x128	2170	3296	256	256
9472. 128x128	3675	2406	256	256
10077. 128x128	3561	3666	256	256
9943. 128x128	1440	2838	256	256
10192. 128x128	323	3197	256	256
10372. 128x128	2927	1728	256	256
10400. 128x128	3272	2515	256	256
11014. 128x128	1375	208	256	256
12698. 128x128	553	321	256	256
14087. 128x128	2465	1635	256	256
14548. 128x128	1410	2327	256	256
14773. 128x128	2868	2051	256	256
15140. 128x128	2740	3666	256	256
15288. 128x128	1842	2755	256	256
