228. 128x128	1704	3500	256	256
747. 128x128	3302	1859	256	256
796. 128x128	3443	727	256	256
702. 128x128	2217	774	256	256
1117. 128x128	455	968	256	256
282. 128x128	2919	3334	256	256
635. 128x128	2395	3247	256	256
505. 128x128	1398	1536	256	256
1861. 128x128	139	1560	256	256
1800. 128x128	133	1571	256	256
2096. 128x128	1112	1097	256	256
2420. 128x128	3721	622	256	256
2858. 128x128	2951	1933	256	256
3592. 128x128	3069	1132	256	256
4619. 128x128	1284	866	256	256
5003. 128x128	606	3315	256	256
5069. 128x128	538	1182	256	256
5072. 128x128	1016	77	256	256
5126. 128x128	939	1571	256	256
5542. 128x128	2378	1062	256	256
5617. 128x128	348	1490	256	256
6635. 128x128	3668	514	256	256
7144. 128x128	1417	1750	256	256
7318. 128x128	3222	2719	256	256
8137. 128x128	2349	2307	256	256
8225. 128x128	2129	1918	256	256
8468. 128x128	2665	265	256	256
9619. 128x128	817	992	256	256
9551. 128x128	1275	3560	256	256
10423. 128x128	1145	1422	256	256
10512. 128x128	1724	3014	256	256
11218. 128x128	2217	3372	256	256
11143. 128x128	2349	2307	256	256
11308. 128x128	235	2277	256	256
11334. 128x128	12	822	256	256
11938. 128x128	2298	3723	256	256
12668. 128x128	1883	3750	256	256
12920. 128x128	345	3509	256	256
13360. 128x128	1552	2171	256	256
13751. 128x128	1694	2558	256	256
14073. 128x128	1652	2676	256	256
14778. 128x128	1810	1867	256	256
