188. 128x128	1984	691	256	256
26. 128x128	1040	2709	256	256
1632. 128x128	2142	2923	256	256
2543. 128x128	771	1106	256	256
2575. 128x128	208	3346	256	256
2831. 128x128	753	500	256	256
3253. 128x128	711	1876	256	256
3805. 128x128	3455	2204	256	256
4001. 128x128	3410	3462	256	256
5832. 128x128	3721	3724	256	256
6976. 128x128	3229	2210	256	256
8336. 128x128	2397	2943	256	256
8493. 128x128	2205	2091	256	256
9639. 128x128	3428	3620	256	256
10121. 128x128	1959	1997	256	256
10858. 128x128	1134	2258	256	256
11670. 128x128	3727	3068	256	256
11888. 128x128	52	93	256	256
12451. 128x128	1896	2685	256	256
13725. 128x128	1449	2928	256	256
13907. 128x128	2971	2269	256	256
14142. 128x128	3311	2795	256	256
15100. 128x128	2614	1391	256	256
15255. 128x128	2028	2818	256	256
