100. 128x128	3162	2064	256	256
113. 128x128	988	3051	256	256
189. 128x128	3471	2508	256	256
2287. 128x128	2858	2191	256	256
1992. 128x128	3688	3142	256	256
4106. 128x128	638	2923	256	256
4431. 128x128	2383	3467	256	256
4838. 128x128	3532	1988	256	256
5091. 128x128	2359	971	256	256
5185. 128x128	2947	515	256	256
5329. 128x128	973	3693	256	256
7011. 128x128	2232	2983	256	256
7137. 128x128	3016	2811	256	256
7510. 128x128	2042	1414	256	256
9429. 128x128	3786	2183	256	256
9708. 128x128	2212	441	256	256
14870. 128x128	2196	2851	256	256
15222. 128x128	674	2816	256	256
15137. 128x128	1907	556	256	256
