461. 128x128	3372	487	256	256
623. 128x128	237	509	256	256
506. 128x128	3420	2904	256	256
3868. 128x128	1776	2330	256	256
4793. 128x128	3431	3219	256	256
4876. 128x128	1624	902	256	256
7880. 128x128	104	603	256	256
8354. 128x128	3613	1349	256	256
9330. 128x128	3348	2383	256	256
9360. 128x128	347	2642	256	256
9250. 128x128	3220	2510	256	256
9753. 128x128	945	3648	256	256
10260. 128x128	2394	788	256	256
10508. 128x128	537	2750	256	256
11532. 128x128	1809	3103	256	256
11640. 128x128	2657	871	256	256
11873. 128x128	47	249	256	256
12345. 128x128	3312	3249	256	256
12404. 128x128	479	3727	256	256
12527. 128x128	2969	1423	256	256
13377. 128x128	1101	2673	256	256
13385. 128x128	2170	1387	256	256
14423. 128x128	1812	2494	256	256
14474. 128x128	2649	2605	256	256
14652. 128x128	1793	3782	256	256
15310. 128x128	286	108	256	256
