287. 128x128	3742	3552	256	256
674. 128x128	2216	2938	256	256
904. 128x128	251	1925	256	256
821. 128x128	1078	101	256	256
1355. 128x128	764	1613	256	256
1541. 128x128	3045	2374	256	256
1886. 128x128	3099	2533	256	256
2310. 128x128	1451	505	256	256
2781. 128x128	1153	3181	256	256
3618. 128x128	3178	1012	256	256
5124. 128x128	1336	1017	256	256
5284. 128x128	2078	239	256	256
5311. 128x128	2973	2680	256	256
6900. 128x128	3253	1762	256	256
8384. 128x128	1854	782	256	256
8820. 128x128	2883	993	256	256
9332. 128x128	2677	3594	256	256
9842. 128x128	464	1060	256	256
10132. 128x128	1748	3525	256	256
10155. 128x128	1630	2025	256	256
10679. 128x128	1390	2603	256	256
12337. 128x128	1527	1442	256	256
12403. 128x128	1804	3448	256	256
12482. 128x128	2794	1649	256	256
13777. 128x128	2371	2914	256	256
13716. 128x128	799	3789	256	256
