289. 128x128	1568	1122	256	256
19. 128x128	3421	3613	256	256
872. 128x128	2956	2168	256	256
268. 128x128	3475	2055	256	256
2560. 128x128	3577	1559	256	256
3842. 128x128	1088	128	256	256
4085. 128x128	308	128	256	256
4916. 128x128	1067	2616	256	256
4853. 128x128	3635	2585	256	256
5989. 128x128	1221	728	256	256
6813. 128x128	1127	2259	256	256
7075. 128x128	2663	870	256	256
7431. 128x128	2037	2292	256	256
7522. 128x128	1887	2701	256	256
7893. 128x128	1770	414	256	256
8002. 128x128	3058	1086	256	256
8828. 128x128	1016	629	256	256
9043. 128x128	2641	2423	256	256
9563. 128x128	3559	1643	256	256
10053. 128x128	3576	1157	256	256
9961. 128x128	2240	2023	256	256
10208. 128x128	3498	3567	256	256
10997. 128x128	3005	2132	256	256
11485. 128x128	3813	2420	256	256
11593. 128x128	3813	2420	256	256
11861. 128x128	601	1624	256	256
12284. 128x128	2722	1323	256	256
12350. 128x128	1085	1059	256	256
15268. 128x128	1876	3497	256	256
