214. 128x128	3344	2244	256	256
1014. 128x128	2211	539	256	256
1144. 128x128	2137	2092	256	256
203. 128x128	2333	2304	256	256
2217. 128x128	3733	2614	256	256
2513. 128x128	48	3237	256	256
3097. 128x128	2161	1522	256	256
3476. 128x128	1924	1048	256	256
3510. 128x128	2154	1943	256	256
3669. 128x128	1371	247	256	256
3834. 128x128	90	188	256	256
4353. 128x128	2289	802	256	256
4530. 128x128	3797	3392	256	256
5330. 128x128	2456	77	256	256
5360. 128x128	2921	3232	256	256
5780. 128x128	3711	2674	256	256
6080. 128x128	304	1052	256	256
6616. 128x128	121	1369	256	256
8224. 128x128	1698	154	256	256
8542. 128x128	158	1421	256	256
9354. 128x128	3514	3039	256	256
10623. 128x128	3143	83	256	256
11423. 128x128	900	2288	256	256
11565. 128x128	775	85	256	256
12344. 128x128	2417	614	256	256
12701. 128x128	2705	3135	256	256
12743. 128x128	706	3300	256	256
13678. 128x128	677	2480	256	256
13969. 128x128	1101	1727	256	256
14216. 128x128	3033	3687	256	256
14824. 128x128	2835	2330	256	256
