370. 128x128	2401	3745	256	256
214. 128x128	3344	2244	256	256
825. 128x128	2854	2325	256	256
1793. 128x128	2349	865	256	256
2278. 128x128	3706	2789	256	256
2658. 128x128	1408	3361	256	256
2873. 128x128	1827	3211	256	256
4568. 128x128	207	298	256	256
4824. 128x128	2546	1098	256	256
5582. 128x128	3204	3354	256	256
5424. 128x128	3404	853	256	256
5370. 128x128	97	893	256	256
6318. 128x128	49	1107	256	256
6892. 128x128	119	5	256	256
8081. 128x128	2734	2284	256	256
8395. 128x128	2325	93	256	256
8908. 128x128	1467	188	256	256
9179. 128x128	2335	1529	256	256
9701. 128x128	769	2615	256	256
10211. 128x128	3280	2507	256	256
10256. 128x128	3458	2209	256	256
10394. 128x128	1601	2400	256	256
10669. 128x128	771	282	256	256
10951. 128x128	667	2898	256	256
11200. 128x128	997	366	256	256
11087. 128x128	2734	2284	256	256
11746. 128x128	572	256	256	256
12529. 128x128	1964	3831	256	256
12861. 128x128	2356	2923	256	256
12886. 128x128	1515	1851	256	256
12894. 128x128	1426	1606	256	256
12976. 128x128	943	2169	256	256
