435. 128x128	1947	2645	256	256
1848. 128x128	3344	2148	256	256
2312. 128x128	2979	1789	256	256
3499. 128x128	2435	2892	256	256
6652. 128x128	3806	3215	256	256
7877. 128x128	1186	1761	256	256
9181. 128x128	2247	1827	256	256
9787. 128x128	1787	378	256	256
9876. 128x128	1324	3792	256	256
10542. 128x128	2351	2298	256	256
10621. 128x128	3074	1312	256	256
12443. 128x128	117	3602	256	256
12764. 128x128	2016	727	256	256
14187. 128x128	1683	956	256	256
14221. 128x128	3430	1495	256	256
14551. 128x128	2894	1887	256	256
