144. 128x128	451	2406	256	256
305. 128x128	2278	1855	256	256
996. 128x128	1254	555	256	256
5262. 128x128	659	554	256	256
7917. 128x128	1226	325	256	256
7931. 128x128	2161	1042	256	256
8870. 128x128	2635	1942	256	256
9352. 128x128	3349	3821	256	256
10357. 128x128	1498	1454	256	256
10838. 128x128	2252	3235	256	256
10860. 128x128	250	889	256	256
11268. 128x128	759	2798	256	256
11314. 128x128	1615	2674	256	256
11409. 128x128	1667	751	256	256
12490. 128x128	203	2787	256	256
12532. 128x128	830	3041	256	256
12828. 128x128	830	3041	256	256
12926. 128x128	3338	2754	256	256
13247. 128x128	2792	1640	256	256
13586. 128x128	2792	1640	256	256
14975. 128x128	2571	2464	256	256
15253. 128x128	77	813	256	256
