440. 128x128	886	172	256	256
650. 128x128	2458	1409	256	256
668. 128x128	2495	3727	256	256
1295. 128x128	631	3223	256	256
2342. 128x128	3827	2393	256	256
2618. 128x128	1727	935	256	256
2641. 128x128	3525	1481	256	256
3126. 128x128	832	199	256	256
4638. 128x128	860	216	256	256
5047. 128x128	79	2703	256	256
7498. 128x128	148	1877	256	256
7355. 128x128	1180	1977	256	256
8323. 128x128	265	3314	256	256
9553. 128x128	1718	3755	256	256
10390. 128x128	3616	340	256	256
10687. 128x128	1257	3595	256	256
10763. 128x128	2065	2583	256	256
11017. 128x128	813	815	256	256
13635. 128x128	435	863	256	256
14487. 128x128	1727	2468	256	256
14633. 128x128	2344	1851	256	256
15283. 128x128	3478	2134	256	256
15308. 128x128	2790	2760	256	256
