563. 128x128	837	2717	256	256
771. 128x128	1591	1876	256	256
2073. 128x128	2444	377	256	256
2782. 128x128	607	2224	256	256
3744. 128x128	1588	979	256	256
3766. 128x128	3392	3559	256	256
4008. 128x128	1468	3716	256	256
4805. 128x128	1317	925	256	256
7255. 128x128	3088	1129	256	256
7864. 128x128	965	1398	256	256
7896. 128x128	399	2160	256	256
8187. 128x128	830	2393	256	256
8252. 128x128	2074	378	256	256
8407. 128x128	2640	1277	256	256
9808. 128x128	2920	3781	256	256
9977. 128x128	1937	2972	256	256
11447. 128x128	443	2111	256	256
11553. 128x128	443	2111	256	256
11999. 128x128	475	1537	256	256
12275. 128x128	2150	3468	256	256
12285. 128x128	1388	1421	256	256
12358. 128x128	2154	3467	256	256
13150. 128x128	2664	1490	256	256
13160. 128x128	514	1040	256	256
13489. 128x128	2664	1490	256	256
13499. 128x128	514	1040	256	256
13450. 128x128	863	116	256	256
13662. 128x128	2619	1751	256	256
13770. 128x128	3326	597	256	256
14914. 128x128	1559	1698	256	256
15247. 128x128	2392	1059	256	256
