136. 128x128	2412	47	256	256
150. 128x128	830	1585	256	256
1369. 128x128	3109	914	256	256
1907. 128x128	2871	3704	256	256
3352. 128x128	3100	673	256	256
3541. 128x128	2930	3461	256	256
3910. 128x128	1981	2182	256	256
4495. 128x128	321	944	256	256
6401. 128x128	1130	1502	256	256
6445. 128x128	1114	1509	256	256
7658. 128x128	3518	3652	256	256
7903. 128x128	2526	1607	256	256
10597. 128x128	2756	560	256	256
11675. 128x128	737	1759	256	256
13723. 128x128	2978	656	256	256
14523. 128x128	1458	1096	256	256
14611. 128x128	3694	87	256	256
