436. 128x128	1504	863	256	256
1090. 128x128	3557	3661	256	256
1201. 128x128	794	3319	256	256
938. 128x128	3013	1396	256	256
1407. 128x128	387	2727	256	256
2400. 128x128	2855	2333	256	256
2386. 128x128	353	2142	256	256
3515. 128x128	272	3259	256	256
3563. 128x128	1560	1678	256	256
4076. 128x128	1932	201	256	256
4795. 128x128	670	2411	256	256
4989. 128x128	487	440	256	256
5042. 128x128	2633	2789	256	256
6936. 128x128	3058	1321	256	256
8070. 128x128	3326	2310	256	256
8241. 128x128	1442	1382	256	256
9315. 128x128	2527	1410	256	256
9404. 128x128	1389	2326	256	256
10084. 128x128	975	642	256	256
11076. 128x128	3326	2310	256	256
11422. 128x128	351	2728	256	256
11976. 128x128	2354	3368	256	256
12837. 128x128	3585	3505	256	256
13463. 128x128	450	552	256	256
14185. 128x128	2919	1706	256	256
14262. 128x128	3250	18	256	256
