494. 128x128	711	1031	256	256
604. 128x128	2329	2305	256	256
1792. 128x128	1495	651	256	256
2468. 128x128	366	156	256	256
2491. 128x128	3756	848	256	256
4640. 128x128	82	2	256	256
4907. 128x128	2089	2772	256	256
4856. 128x128	2076	2784	256	256
5649. 128x128	220	3112	256	256
5693. 128x128	1378	789	256	256
6669. 128x128	3269	1020	256	256
7077. 128x128	3714	2834	256	256
7452. 128x128	2832	1829	256	256
7241. 128x128	222	3269	256	256
10327. 128x128	949	1483	256	256
12308. 128x128	1822	1812	256	256
12513. 128x128	1566	2813	256	256
12809. 128x128	1566	2813	256	256
13630. 128x128	3472	2373	256	256
14749. 128x128	2910	2906	256	256
