56. 128x128	1173	1131	256	256
359. 128x128	2599	2307	256	256
1850. 128x128	2155	3662	256	256
3061. 128x128	1418	371	256	256
3759. 128x128	1515	2002	256	256
3430. 128x128	139	3016	256	256
4400. 128x128	3062	1151	256	256
4580. 128x128	968	2757	256	256
5332. 128x128	2472	1472	256	256
5815. 128x128	2924	2438	256	256
6468. 128x128	124	3732	256	256
7061. 128x128	2963	3815	256	256
8138. 128x128	298	3533	256	256
8333. 128x128	2004	1203	256	256
10097. 128x128	2107	3249	256	256
10140. 128x128	3455	1194	256	256
11144. 128x128	298	3533	256	256
14509. 128x128	387	589	256	256
14545. 128x128	1886	1817	256	256
14767. 128x128	2673	345	256	256
15151. 128x128	2805	1834	256	256
