647. 128x128	3225	1129	256	256
114. 128x128	2714	331	256	256
632. 128x128	588	1647	256	256
929. 128x128	3268	1457	256	256
175. 128x128	1727	2130	256	256
1290. 128x128	3607	2532	256	256
1589. 128x128	1999	1278	256	256
2257. 128x128	1523	1993	256	256
2220. 128x128	241	515	256	256
4286. 128x128	3221	647	256	256
5700. 128x128	3503	558	256	256
6283. 128x128	267	1911	256	256
6128. 128x128	630	1135	256	256
6632. 128x128	3273	1404	256	256
9234. 128x128	1874	3369	256	256
9872. 128x128	3586	2748	256	256
10595. 128x128	1057	2878	256	256
10644. 128x128	3202	3034	256	256
10847. 128x128	1588	3224	256	256
12324. 128x128	2428	1186	256	256
12473. 128x128	2172	1529	256	256
13154. 128x128	1142	3439	256	256
13363. 128x128	761	270	256	256
13493. 128x128	1142	3439	256	256
