364. 128x128	528	3050	256	256
307. 128x128	667	369	256	256
576. 128x128	169	2544	256	256
1371. 128x128	1298	3586	256	256
1711. 128x128	3177	2658	256	256
1733. 128x128	3481	3563	256	256
1880. 128x128	1456	1345	256	256
2798. 128x128	2999	488	256	256
3143. 128x128	280	1933	256	256
2879. 128x128	367	1829	256	256
3919. 128x128	184	3312	256	256
5674. 128x128	3052	3064	256	256
6554. 128x128	3741	726	256	256
6724. 128x128	181	91	256	256
7268. 128x128	3347	1247	256	256
7207. 128x128	2515	1111	256	256
7221. 128x128	504	2275	256	256
7227. 128x128	1613	1174	256	256
8067. 128x128	1579	320	256	256
8037. 128x128	2063	762	256	256
10094. 128x128	1655	849	256	256
11042. 128x128	2063	762	256	256
11073. 128x128	1579	320	256	256
11235. 128x128	137	2202	256	256
11174. 128x128	1944	244	256	256
11177. 128x128	425	2353	256	256
11365. 128x128	3830	3052	256	256
11832. 128x128	2463	3107	256	256
12488. 128x128	2965	2110	256	256
12498. 128x128	1462	1305	256	256
12667. 128x128	3432	1713	256	256
12902. 128x128	1854	3029	256	256
13458. 128x128	3068	301	256	256
13940. 128x128	450	2200	256	256
14325. 128x128	2117	416	256	256
15012. 128x128	1181	3343	256	256
