262. 128x128	3232	2040	256	256
239. 128x128	3281	2237	256	256
2627. 128x128	2432	3168	256	256
3360. 128x128	580	1234	256	256
4253. 128x128	53	122	256	256
4386. 128x128	2051	1406	256	256
4483. 128x128	615	2853	256	256
5714. 128x128	153	43	256	256
6194. 128x128	1797	2219	256	256
6351. 128x128	1225	1389	256	256
7308. 128x128	3705	1987	256	256
8122. 128x128	764	125	256	256
8232. 128x128	2252	2305	256	256
9557. 128x128	1841	3017	256	256
9926. 128x128	2551	3549	256	256
11128. 128x128	764	125	256	256
11431. 128x128	360	612	256	256
11676. 128x128	3049	3099	256	256
11651. 128x128	501	1477	256	256
11798. 128x128	3814	2317	256	256
11963. 128x128	2568	1986	256	256
12721. 128x128	1013	3112	256	256
13235. 128x128	1061	2829	256	256
13389. 128x128	2139	2082	256	256
13574. 128x128	1061	2829	256	256
15077. 128x128	1284	1357	256	256
