257. 128x128	3024	3138	256	256
422. 128x128	3776	378	256	256
958. 128x128	1440	1287	256	256
1128. 128x128	2692	511	256	256
1393. 128x128	1843	2903	256	256
1722. 128x128	2034	1259	256	256
2108. 128x128	1722	3675	256	256
2771. 128x128	452	3517	256	256
2801. 128x128	2539	1973	256	256
2967. 128x128	913	2754	256	256
3053. 128x128	834	1196	256	256
3446. 128x128	1255	592	256	256
5715. 128x128	1948	925	256	256
6396. 128x128	955	895	256	256
6429. 128x128	938	3513	256	256
6518. 128x128	556	1521	256	256
6807. 128x128	1411	2757	256	256
9161. 128x128	2485	2913	256	256
9515. 128x128	2701	3727	256	256
10720. 128x128	1927	298	256	256
11000. 128x128	2974	1769	256	256
12832. 128x128	2114	1789	256	256
13233. 128x128	1388	1180	256	256
13572. 128x128	1388	1180	256	256
14304. 128x128	1356	2796	256	256
14531. 128x128	3276	2391	256	256
