581. 128x128	1598	137	256	256
49. 128x128	3664	1945	256	256
2196. 128x128	1162	622	256	256
3452. 128x128	1932	211	256	256
4237. 128x128	1835	1797	256	256
5369. 128x128	3024	3142	256	256
7830. 128x128	3596	492	256	256
7856. 128x128	3422	790	256	256
7979. 128x128	3011	873	256	256
8317. 128x128	1802	955	256	256
10012. 128x128	1800	247	256	256
10381. 128x128	2409	851	256	256
10774. 128x128	788	452	256	256
12326. 128x128	2699	3333	256	256
13129. 128x128	3801	1126	256	256
14039. 128x128	2582	2592	256	256
14364. 128x128	1299	2329	256	256
14578. 128x128	1672	1758	256	256
15223. 128x128	467	1461	256	256
15096. 128x128	2996	1177	256	256
