173. 128x128	2677	269	256	256
786. 128x128	1018	1903	256	256
387. 128x128	119	825	256	256
986. 128x128	3594	2968	256	256
178. 128x128	3063	181	256	256
2593. 128x128	1358	1503	256	256
3178. 128x128	351	3128	256	256
2922. 128x128	3055	13	256	256
2930. 128x128	3203	133	256	256
5837. 128x128	82	278	256	256
7098. 128x128	1205	15	256	256
7395. 128x128	1830	1888	256	256
8450. 128x128	1017	3058	256	256
9452. 128x128	3282	2468	256	256
11702. 128x128	2953	3544	256	256
12659. 128x128	2670	2724	256	256
12901. 128x128	680	1097	256	256
14302. 128x128	2022	2887	256	256
14902. 128x128	2976	348	256	256
15122. 128x128	3607	342	256	256
