166. 128x128	2357	1877	256	256
670. 128x128	2529	2104	256	256
1269. 128x128	1972	3653	256	256
1149. 128x128	2226	289	256	256
1155. 128x128	1606	135	256	256
1362. 128x128	755	1117	256	256
2179. 128x128	3820	46	256	256
1980. 128x128	1200	3169	256	256
2866. 128x128	2395	1427	256	256
3382. 128x128	137	1886	256	256
3579. 128x128	2338	2148	256	256
3617. 128x128	158	103	256	256
4132. 128x128	3174	1603	256	256
6054. 128x128	2915	417	256	256
6399. 128x128	2706	2197	256	256
6410. 128x128	261	967	256	256
7859. 128x128	575	466	256	256
7862. 128x128	582	462	256	256
7921. 128x128	3350	3427	256	256
8214. 128x128	809	1351	256	256
8245. 128x128	2964	358	256	256
8380. 128x128	3107	1500	256	256
8667. 128x128	2054	3462	256	256
10120. 128x128	941	1252	256	256
10716. 128x128	2541	646	256	256
13370. 128x128	2082	1663	256	256
14762. 128x128	3443	1632	256	256
15293. 128x128	522	856	256	256
