383. 128x128	1197	2755	256	256
1317. 128x128	1078	2602	256	256
1898. 128x128	3692	487	256	256
3190. 128x128	3310	1030	256	256
3279. 128x128	1134	2118	256	256
4197. 128x128	680	3547	256	256
5216. 128x128	1523	2514	256	256
9252. 128x128	3751	2741	256	256
9610. 128x128	2562	2030	256	256
9802. 128x128	3374	2857	256	256
10487. 128x128	695	2717	256	256
10809. 128x128	70	875	256	256
11498. 128x128	3656	754	256	256
12905. 128x128	2735	623	256	256
13460. 128x128	371	742	256	256
13825. 128x128	3375	1737	256	256
14384. 128x128	1390	2218	256	256
14820. 128x128	892	1466	256	256
