542. 128x128	2935	55	256	256
834. 128x128	1385	2106	256	256
2241. 128x128	3199	3048	256	256
2467. 128x128	984	3141	256	256
3341. 128x128	883	1670	256	256
3359. 128x128	1382	3771	256	256
3198. 128x128	1421	1601	256	256
3720. 128x128	2019	827	256	256
3581. 128x128	2186	865	256	256
4720. 128x128	2597	2008	256	256
4729. 128x128	2798	3233	256	256
5066. 128x128	1078	799	256	256
5462. 128x128	1374	3007	256	256
5746. 128x128	3640	2943	256	256
6274. 128x128	3151	2256	256	256
6798. 128x128	3733	1570	256	256
7004. 128x128	1862	1912	256	256
7457. 128x128	2407	2295	256	256
8677. 128x128	3309	1873	256	256
9013. 128x128	3577	683	256	256
9448. 128x128	3724	1529	256	256
9824. 128x128	1585	81	256	256
9870. 128x128	1356	1419	256	256
9874. 128x128	2277	663	256	256
10965. 128x128	2843	601	256	256
11186. 128x128	1690	1339	256	256
12273. 128x128	94	37	256	256
12460. 128x128	1491	1069	256	256
13995. 128x128	3582	643	256	256
14500. 128x128	2705	1864	256	256
14520. 128x128	773	3135	256	256
15192. 128x128	1328	429	256	256
