410. 128x128	3648	811	256	256
395. 128x128	2073	2830	256	256
1380. 128x128	1006	1660	256	256
1835. 128x128	561	1750	256	256
2863. 128x128	1605	3324	256	256
2985. 128x128	560	1975	256	256
3347. 128x128	1082	637	256	256
3468. 128x128	1226	1687	256	256
3633. 128x128	3539	659	256	256
3927. 128x128	3085	606	256	256
4208. 128x128	2545	1432	256	256
4131. 128x128	3822	1020	256	256
5127. 128x128	482	1886	256	256
5558. 128x128	3732	401	256	256
5763. 128x128	1271	1157	256	256
5774. 128x128	3462	1637	256	256
5787. 128x128	2294	3543	256	256
6996. 128x128	3120	2705	256	256
7008. 128x128	345	1045	256	256
7094. 128x128	657	3380	256	256
7935. 128x128	3079	3098	256	256
7746. 128x128	2595	3416	256	256
9678. 128x128	3061	604	256	256
9544. 128x128	3765	501	256	256
9983. 128x128	1417	1844	256	256
10956. 128x128	3726	1939	256	256
12571. 128x128	755	2298	256	256
12420. 128x128	686	2859	256	256
12867. 128x128	755	2298	256	256
12984. 128x128	3141	1902	256	256
13193. 128x128	1501	3294	256	256
13532. 128x128	1501	3294	256	256
13752. 128x128	3312	1877	256	256
13981. 128x128	3000	2850	256	256
14179. 128x128	3830	2363	256	256
