430. 128x128	1525	2523	256	256
229. 128x128	2379	3140	256	256
662. 128x128	1931	293	256	256
1015. 128x128	2431	3727	256	256
631. 128x128	2957	2641	256	256
987. 128x128	185	3051	256	256
1868. 128x128	3764	2085	256	256
1858. 128x128	3720	3413	256	256
2411. 128x128	2989	2439	256	256
2650. 128x128	3733	1367	256	256
2820. 128x128	3477	3305	256	256
4337. 128x128	2331	1983	256	256
4559. 128x128	78	911	256	256
5641. 128x128	1683	2476	256	256
5852. 128x128	2231	1410	256	256
6591. 128x128	2352	2725	256	256
6941. 128x128	2924	3080	256	256
7063. 128x128	2373	1555	256	256
7886. 128x128	2087	3743	256	256
7919. 128x128	2325	2410	256	256
8477. 128x128	1296	2988	256	256
10358. 128x128	815	384	256	256
10566. 128x128	2232	2444	256	256
10567. 128x128	1508	3504	256	256
10777. 128x128	2540	3045	256	256
12750. 128x128	1662	587	256	256
12647. 128x128	2493	3569	256	256
14316. 128x128	2460	2515	256	256
14350. 128x128	2728	2492	256	256
14549. 128x128	1861	794	256	256
