350. 128x128	1603	518	256	256
1187. 128x128	3325	2671	256	256
1409. 128x128	2934	3085	256	256
1527. 128x128	53	1981	256	256
4190. 128x128	1784	1465	256	256
4769. 128x128	395	3631	256	256
5493. 128x128	1394	1835	256	256
5515. 128x128	659	1856	256	256
5535. 128x128	2385	2077	256	256
7113. 128x128	1878	2493	256	256
8915. 128x128	1447	2342	256	256
9034. 128x128	1465	1078	256	256
10029. 128x128	1975	3628	256	256
11892. 128x128	2068	3491	256	256
12755. 128x128	330	1474	256	256
13999. 128x128	1939	3081	256	256
