568. 128x128	3138	1251	256	256
808. 128x128	633	2027	256	256
809. 128x128	2924	2787	256	256
1492. 128x128	3761	2653	256	256
1911. 128x128	2051	3620	256	256
1914. 128x128	1496	2834	256	256
1801. 128x128	3131	1818	256	256
2137. 128x128	65	89	256	256
2488. 128x128	3428	1587	256	256
2523. 128x128	1759	2136	256	256
2662. 128x128	1630	3336	256	256
2998. 128x128	838	814	256	256
3564. 128x128	314	1790	256	256
4318. 128x128	2968	262	256	256
4890. 128x128	2874	2045	256	256
5160. 128x128	2131	979	256	256
6280. 128x128	146	1706	256	256
8185. 128x128	104	3173	256	256
9999. 128x128	1402	636	256	256
10789. 128x128	3098	1567	256	256
11667. 128x128	136	2686	256	256
12036. 128x128	3818	2460	256	256
12163. 128x128	3818	2460	256	256
13685. 128x128	2688	1388	256	256
13982. 128x128	1624	3360	256	256
14180. 128x128	136	430	256	256
14349. 128x128	2813	3682	256	256
15138. 128x128	290	3272	256	256
