349. 128x128	241	2994	256	256
378. 128x128	899	3527	256	256
1018. 128x128	2205	1120	256	256
66. 128x128	1030	3696	256	256
484. 128x128	49	1486	256	256
564. 128x128	3822	963	256	256
1636. 128x128	1129	994	256	256
2383. 128x128	973	3346	256	256
2725. 128x128	1494	2876	256	256
3351. 128x128	152	2535	256	256
3453. 128x128	2823	3080	256	256
3897. 128x128	2050	26	256	256
4075. 128x128	2779	1029	256	256
5005. 128x128	3700	1773	256	256
5116. 128x128	1539	1251	256	256
5573. 128x128	2879	901	256	256
5586. 128x128	1163	859	256	256
5947. 128x128	444	1422	256	256
7148. 128x128	1804	3026	256	256
7281. 128x128	1537	2042	256	256
10945. 128x128	2431	3776	256	256
11930. 128x128	2015	225	256	256
12343. 128x128	2840	371	256	256
12430. 128x128	2370	2730	256	256
13093. 128x128	1357	2378	256	256
13096. 128x128	55	3034	256	256
13698. 128x128	3781	286	256	256
15163. 128x128	1961	2030	256	256
