348. 128x128	3354	926	256	256
2176. 128x128	973	1316	256	256
2360. 128x128	892	361	256	256
2684. 128x128	185	513	256	256
2936. 128x128	265	2397	256	256
3627. 128x128	2693	648	256	256
4231. 128x128	3776	728	256	256
5595. 128x128	1097	516	256	256
7642. 128x128	3361	671	256	256
7783. 128x128	2671	1047	256	256
8589. 128x128	995	3825	256	256
9879. 128x128	404	424	256	256
10016. 128x128	1981	167	256	256
10341. 128x128	1924	945	256	256
11611. 128x128	2925	1580	256	256
11694. 128x128	3787	3424	256	256
11745. 128x128	2976	1779	256	256
12120. 128x128	101	764	256	256
12247. 128x128	101	764	256	256
13091. 128x128	9	64	256	256
13375. 128x128	1495	174	256	256
15154. 128x128	2162	1250	256	256
