502. 128x128	3081	2129	256	256
1243. 128x128	1671	3380	256	256
1262. 128x128	2558	2115	256	256
2808. 128x128	1787	1259	256	256
3501. 128x128	3667	3392	256	256
4278. 128x128	190	733	256	256
4468. 128x128	2119	3502	256	256
4547. 128x128	1407	691	256	256
5256. 128x128	1368	725	256	256
5413. 128x128	315	30	256	256
5739. 128x128	1655	343	256	256
6258. 128x128	2674	1040	256	256
6355. 128x128	1649	3027	256	256
6460. 128x128	2583	2015	256	256
7251. 128x128	1218	1021	256	256
7438. 128x128	382	3669	256	256
7688. 128x128	3123	3488	256	256
8697. 128x128	3797	882	256	256
8500. 128x128	3115	1577	256	256
9528. 128x128	1532	2809	256	256
10163. 128x128	3706	1290	256	256
10342. 128x128	2784	454	256	256
13112. 128x128	1744	804	256	256
13279. 128x128	1034	3425	256	256
13313. 128x128	2979	864	256	256
13601. 128x128	609	1611	256	256
13800. 128x128	563	2502	256	256
