468. 128x128	2657	997	256	256
325. 128x128	275	1919	256	256
2399. 128x128	3411	109	256	256
2487. 128x128	2597	126	256	256
2508. 128x128	1250	2979	256	256
3125. 128x128	3176	134	256	256
3702. 128x128	2060	2096	256	256
4526. 128x128	590	1106	256	256
5044. 128x128	88	3593	256	256
5952. 128x128	2477	247	256	256
6496. 128x128	2252	752	256	256
6572. 128x128	896	1901	256	256
6575. 128x128	3607	2990	256	256
8458. 128x128	2049	188	256	256
9266. 128x128	626	170	256	256
10336. 128x128	120	1051	256	256
12307. 128x128	3619	1930	256	256
12418. 128x128	395	2354	256	256
13224. 128x128	651	2919	256	256
13563. 128x128	651	2919	256	256
14564. 128x128	2673	1638	256	256
