379. 128x128	1711	2025	256	256
699. 128x128	2600	1555	256	256
2305. 128x128	229	3135	256	256
4045. 128x128	2390	1244	256	256
4158. 128x128	3389	1276	256	256
4488. 128x128	1500	94	256	256
5111. 128x128	604	1457	256	256
7889. 128x128	636	4	256	256
8251. 128x128	3263	3235	256	256
8708. 128x128	3050	1309	256	256
9342. 128x128	2940	3297	256	256
9367. 128x128	604	284	256	256
11355. 128x128	1768	1874	256	256
12063. 128x128	119	285	256	256
12190. 128x128	119	285	256	256
12276. 128x128	488	3674	256	256
12793. 128x128	1962	1667	256	256
14453. 128x128	1874	1459	256	256
14689. 128x128	742	3138	256	256
15301. 128x128	575	2910	256	256
