607. 128x128	118	2716	256	256
647. 128x128	3225	1129	256	256
761. 128x128	1785	564	256	256
2337. 128x128	1531	1270	256	256
3754. 128x128	127	618	256	256
3783. 128x128	2473	1074	256	256
3878. 128x128	900	3229	256	256
4096. 128x128	2873	2766	256	256
4329. 128x128	1212	3608	256	256
4576. 128x128	2207	638	256	256
5660. 128x128	123	2670	256	256
6077. 128x128	664	519	256	256
6492. 128x128	2704	221	256	256
6732. 128x128	959	2883	256	256
6733. 128x128	3396	2554	256	256
7261. 128x128	1393	1555	256	256
7665. 128x128	1909	1043	256	256
8796. 128x128	3247	1751	256	256
9756. 128x128	3800	1343	256	256
10334. 128x128	2668	1047	256	256
10501. 128x128	770	3830	256	256
10773. 128x128	3217	811	256	256
11206. 128x128	2301	390	256	256
11473. 128x128	313	3567	256	256
11581. 128x128	313	3567	256	256
12693. 128x128	1881	2192	256	256
12679. 128x128	3741	2595	256	256
14311. 128x128	1028	1175	256	256
15044. 128x128	2090	468	256	256
15157. 128x128	3051	117	256	256
