112. 128x128	2802	1119	256	256
2334. 128x128	2616	1888	256	256
3175. 128x128	3504	3578	256	256
3074. 128x128	2972	3811	256	256
3258. 128x128	3504	3578	256	256
4642. 128x128	157	2072	256	256
6101. 128x128	1031	434	256	256
6161. 128x128	3088	842	256	256
7064. 128x128	2229	2123	256	256
8824. 128x128	2312	1379	256	256
10030. 128x128	1567	3419	256	256
11992. 128x128	1762	1909	256	256
13215. 128x128	3824	3481	256	256
13554. 128x128	3824	3481	256	256
15275. 128x128	1522	936	256	256
15322. 128x128	1494	199	256	256
