583. 128x128	1829	3177	256	256
891. 128x128	563	3445	256	256
278. 128x128	2567	2844	256	256
483. 128x128	3596	3775	256	256
486. 128x128	2836	1270	256	256
565. 128x128	2403	564	256	256
2296. 128x128	2489	2708	256	256
3033. 128x128	892	1021	256	256
3068. 128x128	2065	2502	256	256
3844. 128x128	3794	1572	256	256
4560. 128x128	1696	2507	256	256
4666. 128x128	467	3323	256	256
4751. 128x128	2592	1472	256	256
6036. 128x128	2931	2357	256	256
5916. 128x128	1470	3246	256	256
7417. 128x128	1664	3396	256	256
7881. 128x128	2876	998	256	256
7957. 128x128	1479	2332	256	256
8398. 128x128	3417	2020	256	256
12446. 128x128	2569	1345	256	256
12830. 128x128	1847	1121	256	256
13876. 128x128	2837	3453	256	256
14432. 128x128	1906	2898	256	256
14472. 128x128	3317	3592	256	256
14958. 128x128	3032	2109	256	256
14984. 128x128	2578	1778	256	256
15165. 128x128	1825	768	256	256
