545. 128x128	2667	134	256	256
2091. 128x128	2693	1795	256	256
2421. 128x128	2672	711	256	256
1984. 128x128	2349	2878	256	256
3238. 128x128	1000	2938	256	256
3604. 128x128	3282	3281	256	256
3988. 128x128	1455	504	256	256
4551. 128x128	1249	1034	256	256
5940. 128x128	1491	1544	256	256
6393. 128x128	1241	951	256	256
6619. 128x128	134	2816	256	256
7229. 128x128	1967	3157	256	256
7631. 128x128	1168	2580	256	256
8126. 128x128	407	2885	256	256
8819. 128x128	3623	1007	256	256
8686. 128x128	3218	809	256	256
9483. 128x128	988	1647	256	256
10125. 128x128	661	1338	256	256
10584. 128x128	1189	1071	256	256
11132. 128x128	407	2885	256	256
12126. 128x128	1684	3195	256	256
12253. 128x128	1684	3195	256	256
13991. 128x128	2037	1655	256	256
