515. 128x128	774	2164	256	256
937. 128x128	460	846	256	256
1461. 128x128	3211	1155	256	256
2306. 128x128	1698	963	256	256
4204. 128x128	962	3723	256	256
5189. 128x128	3773	1933	256	256
6693. 128x128	1649	2081	256	256
7084. 128x128	2309	194	256	256
7554. 128x128	3229	3839	256	256
7930. 128x128	527	3647	256	256
8152. 128x128	962	789	256	256
8356. 128x128	2126	3402	256	256
8838. 128x128	976	1311	256	256
10071. 128x128	2025	3827	256	256
10505. 128x128	1593	2475	256	256
10879. 128x128	2077	66	256	256
11158. 128x128	962	789	256	256
11425. 128x128	270	1370	256	256
12474. 128x128	1000	3329	256	256
13882. 128x128	1840	2543	256	256
14181. 128x128	2468	1179	256	256
14156. 128x128	1822	3265	256	256
14284. 128x128	1753	37	256	256
