655. 128x128	1873	2180	256	256
501. 128x128	647	660	256	256
810. 128x128	1232	1842	256	256
210. 128x128	1542	442	256	256
1603. 128x128	1713	2530	256	256
2004. 128x128	750	3778	256	256
2588. 128x128	3339	3608	256	256
4367. 128x128	1542	3562	256	256
4905. 128x128	1025	3743	256	256
4911. 128x128	3433	1882	256	256
6417. 128x128	1676	3257	256	256
6878. 128x128	2313	3345	256	256
7491. 128x128	52	2638	256	256
8766. 128x128	2721	3519	256	256
8593. 128x128	2791	3196	256	256
8522. 128x128	1211	1518	256	256
8905. 128x128	778	822	256	256
8878. 128x128	2064	1057	256	256
9613. 128x128	522	254	256	256
10230. 128x128	3376	637	256	256
10678. 128x128	395	548	256	256
10758. 128x128	471	3033	256	256
10998. 128x128	3007	2303	256	256
11224. 128x128	1666	3414	256	256
11530. 128x128	2986	1420	256	256
11641. 128x128	2986	1420	256	256
11932. 128x128	1676	2220	256	256
12978. 128x128	1751	240	256	256
13448. 128x128	2841	2896	256	256
13626. 128x128	3309	588	256	256
13663. 128x128	273	2520	256	256
14376. 128x128	3163	2928	256	256
14742. 128x128	304	3446	256	256
15245. 128x128	3580	795	256	256
