648. 128x128	2708	1542	256	256
1648. 128x128	720	3366	256	256
2340. 128x128	596	292	256	256
3226. 128x128	2549	415	256	256
3717. 128x128	146	2451	256	256
3871. 128x128	341	3758	256	256
3946. 128x128	3001	2135	256	256
7460. 128x128	1716	1000	256	256
7475. 128x128	889	2718	256	256
7382. 128x128	1177	3790	256	256
7804. 128x128	3340	721	256	256
9921. 128x128	3321	3716	256	256
11317. 128x128	118	1015	256	256
11862. 128x128	3478	2623	256	256
12688. 128x128	207	3442	256	256
12907. 128x128	1269	2075	256	256
