540. 128x128	1760	2305	256	256
762. 128x128	1284	2698	256	256
367. 128x128	1743	3047	256	256
829. 128x128	2270	588	256	256
2191. 128x128	959	2352	256	256
3095. 128x128	1223	3672	256	256
3265. 128x128	2202	1261	256	256
3344. 128x128	1780	2500	256	256
3645. 128x128	1254	580	256	256
3934. 128x128	783	2728	256	256
4704. 128x128	1386	1448	256	256
6119. 128x128	2494	3084	256	256
6203. 128x128	597	1043	256	256
6176. 128x128	1626	3522	256	256
7592. 128x128	3559	3112	256	256
9597. 128x128	3525	36	256	256
10405. 128x128	148	3445	256	256
10313. 128x128	3758	3034	256	256
13988. 128x128	3583	2674	256	256
14517. 128x128	2333	2026	256	256
14568. 128x128	2943	2943	256	256
14800. 128x128	529	274	256	256
15129. 128x128	694	1179	256	256
