575. 128x128	937	292	256	256
1572. 128x128	667	843	256	256
2711. 128x128	2545	1771	256	256
3195. 128x128	3720	3169	256	256
3278. 128x128	3720	3169	256	256
4220. 128x128	514	3392	256	256
4675. 128x128	3504	1903	256	256
4983. 128x128	444	3657	256	256
5302. 128x128	2346	1506	256	256
6266. 128x128	1895	2683	256	256
5990. 128x128	1377	868	256	256
6924. 128x128	3809	525	256	256
7171. 128x128	124	242	256	256
7461. 128x128	256	2326	256	256
8309. 128x128	2000	2257	256	256
8504. 128x128	240	62	256	256
9228. 128x128	1181	1641	256	256
9758. 128x128	681	1358	256	256
10182. 128x128	1131	3577	256	256
10244. 128x128	368	2477	256	256
11380. 128x128	1930	2393	256	256
11819. 128x128	967	981	256	256
11922. 128x128	1680	2357	256	256
13788. 128x128	186	3421	256	256
13986. 128x128	1520	226	256	256
14615. 128x128	3368	2476	256	256
15093. 128x128	1391	1853	256	256
