43. 128x128	3797	2349	256	256
1258. 128x128	2043	3029	256	256
89. 128x128	253	3806	256	256
534. 128x128	2180	651	256	256
1400. 128x128	442	1883	256	256
1565. 128x128	1261	645	256	256
1820. 128x128	3703	2831	256	256
1950. 128x128	1574	2717	256	256
2561. 128x128	2185	2075	256	256
3435. 128x128	2	3500	256	256
4184. 128x128	1628	1570	256	256
6001. 128x128	2647	1864	256	256
5951. 128x128	3010	160	256	256
6356. 128x128	136	307	256	256
8495. 128x128	2667	486	256	256
9524. 128x128	1996	27	256	256
9552. 128x128	1489	3219	256	256
9807. 128x128	2819	3568	256	256
9890. 128x128	664	2960	256	256
10201. 128x128	2909	2551	256	256
10866. 128x128	3218	3556	256	256
11366. 128x128	1426	1431	256	256
11787. 128x128	3315	457	256	256
13168. 128x128	3197	3395	256	256
13217. 128x128	2936	303	256	256
13507. 128x128	3197	3395	256	256
13556. 128x128	2936	303	256	256
13730. 128x128	1905	3435	256	256
14202. 128x128	662	2614	256	256
14282. 128x128	3619	2707	256	256
15324. 128x128	428	689	256	256
