612. 128x128	2245	3112	256	256
400. 128x128	1211	79	256	256
1242. 128x128	1281	3737	256	256
1452. 128x128	3432	964	256	256
1454. 128x128	3386	827	256	256
2746. 128x128	1508	2675	256	256
4484. 128x128	1745	3158	256	256
5903. 128x128	2435	2919	256	256
9142. 128x128	1418	2478	256	256
9674. 128x128	2189	1393	256	256
11449. 128x128	655	1559	256	256
11555. 128x128	655	1559	256	256
11668. 128x128	2855	2063	256	256
12946. 128x128	634	3210	256	256
14335. 128x128	3151	681	256	256
14624. 128x128	1319	2003	256	256
