60. 128x128	1529	1448	256	256
1214. 128x128	1338	2826	256	256
4027. 128x128	1340	3836	256	256
5446. 128x128	1664	3353	256	256
6565. 128x128	2948	3179	256	256
7067. 128x128	1824	1943	256	256
9062. 128x128	978	1498	256	256
9888. 128x128	3235	1537	256	256
10429. 128x128	1153	1967	256	256
11608. 128x128	3656	754	256	256
11673. 128x128	3518	1418	256	256
13157. 128x128	1205	2588	256	256
13192. 128x128	3687	1466	256	256
13496. 128x128	1205	2588	256	256
13531. 128x128	3687	1466	256	256
14903. 128x128	2087	1525	256	256
