116. 128x128	388	1161	256	256
585. 128x128	2562	250	256	256
1538. 128x128	1431	2304	256	256
1724. 128x128	3828	2928	256	256
1893. 128x128	2015	1706	256	256
1948. 128x128	572	3118	256	256
3093. 128x128	2556	1495	256	256
3284. 128x128	120	1685	256	256
3201. 128x128	120	1685	256	256
3909. 128x128	1654	2341	256	256
3921. 128x128	1596	463	256	256
4952. 128x128	442	2522	256	256
4874. 128x128	410	1949	256	256
5614. 128x128	2742	1995	256	256
5720. 128x128	1641	2312	256	256
5957. 128x128	187	20	256	256
7001. 128x128	1518	970	256	256
9171. 128x128	2136	1378	256	256
9402. 128x128	1038	3177	256	256
10093. 128x128	2259	1304	256	256
11220. 128x128	802	3113	256	256
11391. 128x128	1500	1160	256	256
12302. 128x128	2993	3130	256	256
12506. 128x128	2073	856	256	256
12664. 128x128	2157	2423	256	256
12802. 128x128	2073	856	256	256
12870. 128x128	2498	2668	256	256
13849. 128x128	567	3075	256	256
14166. 128x128	2318	3249	256	256
14427. 128x128	3026	1259	256	256
14880. 128x128	733	1617	256	256
