47. 128x128	2744	1985	256	256
21. 128x128	460	1133	256	256
1118. 128x128	2978	2601	256	256
84. 128x128	2730	1821	256	256
2485. 128x128	280	52	256	256
3756. 128x128	1337	1518	256	256
4786. 128x128	2278	3168	256	256
4852. 128x128	1945	2777	256	256
5077. 128x128	1675	1775	256	256
5548. 128x128	3026	1846	256	256
9213. 128x128	356	1301	256	256
9660. 128x128	1875	2236	256	256
13288. 128x128	1012	193	256	256
13841. 128x128	81	1185	256	256
13727. 128x128	798	2020	256	256
13905. 128x128	1449	1970	256	256
