233. 128x128	2161	2093	256	256
106. 128x128	394	997	256	256
1520. 128x128	2577	783	256	256
1777. 128x128	3284	1656	256	256
1970. 128x128	3599	1998	256	256
3662. 128x128	3426	3560	256	256
3852. 128x128	3445	2879	256	256
4349. 128x128	328	747	256	256
5015. 128x128	3411	2886	256	256
5875. 128x128	962	1619	256	256
6006. 128x128	2717	2672	256	256
6071. 128x128	1638	3053	256	256
7232. 128x128	571	459	256	256
7504. 128x128	255	518	256	256
7360. 128x128	2476	2485	256	256
8116. 128x128	3216	627	256	256
8387. 128x128	1283	3592	256	256
8765. 128x128	1797	2633	256	256
9313. 128x128	3618	122	256	256
9224. 128x128	659	305	256	256
11122. 128x128	3216	627	256	256
11410. 128x128	3814	3317	256	256
11656. 128x128	832	2198	256	256
12317. 128x128	2133	1297	256	256
12433. 128x128	3689	1837	256	256
14669. 128x128	1575	2317	256	256
14572. 128x128	2715	1490	256	256
14843. 128x128	1575	2317	256	256
