323. 128x128	653	38	256	256
1260. 128x128	1212	3578	256	256
811. 128x128	1564	2527	256	256
848. 128x128	383	3304	256	256
201. 128x128	2178	1522	256	256
557. 128x128	2987	1089	256	256
2125. 128x128	1830	1769	256	256
2204. 128x128	333	742	256	256
2141. 128x128	1346	3697	256	256
2599. 128x128	1133	2538	256	256
3223. 128x128	483	199	256	256
4030. 128x128	1966	703	256	256
4199. 128x128	556	3579	256	256
4942. 128x128	1227	1610	256	256
8570. 128x128	259	3062	256	256
9632. 128x128	2409	2062	256	256
10024. 128x128	3751	959	256	256
10539. 128x128	1139	3106	256	256
10880. 128x128	2254	1814	256	256
12572. 128x128	2675	893	256	256
13974. 128x128	553	1900	256	256
14273. 128x128	321	854	256	256
14486. 128x128	570	1422	256	256
14811. 128x128	2667	3112	256	256
