469. 128x128	516	899	256	256
864. 128x128	3458	2880	256	256
317. 128x128	1272	1332	256	256
908. 128x128	1124	3248	256	256
1447. 128x128	505	1032	256	256
2537. 128x128	143	2436	256	256
3037. 128x128	110	1231	256	256
5086. 128x128	911	1941	256	256
5308. 128x128	1470	3433	256	256
5253. 128x128	1696	662	256	256
5858. 128x128	1720	2131	256	256
6290. 128x128	971	1683	256	256
7421. 128x128	2391	2855	256	256
7539. 128x128	2134	2260	256	256
7716. 128x128	2229	1756	256	256
8094. 128x128	1608	3474	256	256
7963. 128x128	3300	211	256	256
8464. 128x128	3575	295	256	256
8855. 128x128	3751	1335	256	256
8869. 128x128	1431	3040	256	256
9767. 128x128	3806	336	256	256
10076. 128x128	504	476	256	256
10384. 128x128	1403	2317	256	256
10662. 128x128	452	3063	256	256
10728. 128x128	302	2936	256	256
11100. 128x128	1608	3474	256	256
12030. 128x128	920	1313	256	256
12157. 128x128	920	1313	256	256
12611. 128x128	3059	1717	256	256
12735. 128x128	1601	995	256	256
12790. 128x128	2680	859	256	256
13774. 128x128	2988	612	256	256
14896. 128x128	2673	3356	256	256
15238. 128x128	3199	266	256	256
