603. 128x128	139	2060	256	256
10. 128x128	1808	229	256	256
40. 128x128	376	2700	256	256
91. 128x128	2191	2577	256	256
95. 128x128	353	1430	256	256
297. 128x128	1803	1220	256	256
129. 128x128	822	610	256	256
137. 128x128	189	1035	256	256
1345. 128x128	3197	2275	256	256
2373. 128x128	1581	3533	256	256
2824. 128x128	1727	1598	256	256
3031. 128x128	561	2376	256	256
3260. 128x128	3364	645	256	256
3703. 128x128	1723	2102	256	256
3923. 128x128	3562	1482	256	256
4015. 128x128	2404	236	256	256
4031. 128x128	1711	3030	256	256
4430. 128x128	98	1099	256	256
4833. 128x128	1742	3495	256	256
5214. 128x128	2166	3295	256	256
5640. 128x128	930	795	256	256
5799. 128x128	1104	3064	256	256
6260. 128x128	1131	121	256	256
7807. 128x128	3803	2678	256	256
8016. 128x128	2411	2932	256	256
8799. 128x128	1206	361	256	256
8927. 128x128	1860	1029	256	256
9019. 128x128	775	1263	256	256
9826. 128x128	2138	69	256	256
10136. 128x128	1044	1368	256	256
10444. 128x128	526	2579	256	256
10308. 128x128	2569	2024	256	256
10615. 128x128	2616	1921	256	256
10863. 128x128	1153	1518	256	256
13056. 128x128	413	2390	256	256
13264. 128x128	217	2462	256	256
13757. 128x128	1864	1337	256	256
13997. 128x128	2717	539	256	256
14256. 128x128	297	2068	256	256
14655. 128x128	2716	3416	256	256
14829. 128x128	2716	3416	256	256
14954. 128x128	1967	2277	256	256
14993. 128x128	269	121	256	256
15343. 128x128	1544	2356	256	256
