167. 128x128	1770	1496	256	256
692. 128x128	3822	835	256	256
287. 128x128	3742	3552	256	256
838. 128x128	2532	1629	256	256
1959. 128x128	2555	1596	256	256
2041. 128x128	1066	3565	256	256
2427. 128x128	3828	267	256	256
2887. 128x128	723	1910	256	256
4254. 128x128	2815	2002	256	256
4183. 128x128	2776	2003	256	256
4573. 128x128	3150	3818	256	256
4766. 128x128	3278	2306	256	256
4815. 128x128	944	2885	256	256
6525. 128x128	3603	2336	256	256
6799. 128x128	2047	3018	256	256
7114. 128x128	1196	2372	256	256
8287. 128x128	3091	2541	256	256
8540. 128x128	308	2555	256	256
8553. 128x128	2060	2368	256	256
9138. 128x128	1447	3460	256	256
9667. 128x128	3021	958	256	256
10027. 128x128	892	1976	256	256
9935. 128x128	1359	2534	256	256
10940. 128x128	1522	319	256	256
11320. 128x128	3062	186	256	256
11358. 128x128	970	174	256	256
11947. 128x128	1097	235	256	256
12709. 128x128	3166	408	256	256
12724. 128x128	2225	2773	256	256
14117. 128x128	3710	2316	256	256
15099. 128x128	1273	2957	256	256
