308. 128x128	955	210	256	256
756. 128x128	2993	1815	256	256
960. 128x128	534	1169	256	256
2029. 128x128	140	1845	256	256
2416. 128x128	2036	562	256	256
2431. 128x128	78	2196	256	256
2562. 128x128	229	2801	256	256
2865. 128x128	803	1791	256	256
2665. 128x128	1768	1148	256	256
3503. 128x128	1799	1911	256	256
3624. 128x128	2482	2287	256	256
4394. 128x128	3356	1562	256	256
4607. 128x128	3638	2099	256	256
4684. 128x128	1586	1253	256	256
4726. 128x128	1818	2034	256	256
5060. 128x128	2115	1387	256	256
6459. 128x128	1357	3416	256	256
6788. 128x128	2079	2501	256	256
7293. 128x128	1946	2180	256	256
7577. 128x128	598	2683	256	256
8705. 128x128	3634	2335	256	256
9334. 128x128	3109	3189	256	256
9780. 128x128	491	1810	256	256
10164. 128x128	3528	224	256	256
10578. 128x128	3096	3002	256	256
11910. 128x128	658	1930	256	256
12522. 128x128	1844	3426	256	256
12782. 128x128	544	3745	256	256
12818. 128x128	1844	3426	256	256
13041. 128x128	177	2481	256	256
13094. 128x128	1093	2681	256	256
13688. 128x128	1668	711	256	256
14115. 128x128	3178	3491	256	256
15277. 128x128	1139	432	256	256
