484. 128x128	49	1486	256	256
44. 128x128	2868	3547	256	256
507. 128x128	3493	334	256	256
2555. 128x128	1502	3229	256	256
2563. 128x128	948	145	256	256
2758. 128x128	1606	1502	256	256
3774. 128x128	1917	1873	256	256
3959. 128x128	2638	256	256	256
3991. 128x128	3687	2718	256	256
4139. 128x128	92	20	256	256
6440. 128x128	2680	1397	256	256
6894. 128x128	2479	3515	256	256
8215. 128x128	991	2394	256	256
8941. 128x128	1100	2229	256	256
9204. 128x128	1721	3081	256	256
9896. 128x128	2261	3401	256	256
10128. 128x128	656	3223	256	256
10391. 128x128	3008	2129	256	256
10699. 128x128	2923	470	256	256
11024. 128x128	794	1376	256	256
11420. 128x128	420	1966	256	256
13372. 128x128	2033	3121	256	256
14226. 128x128	3513	3033	256	256
14367. 128x128	1363	1194	256	256
14374. 128x128	698	594	256	256
14379. 128x128	645	2198	256	256
14760. 128x128	3283	876	256	256
15020. 128x128	2390	1586	256	256
15260. 128x128	1833	3366	256	256
15334. 128x128	2059	3198	256	256
