424. 128x128	1570	1923	256	256
375. 128x128	3524	364	256	256
1652. 128x128	1270	3500	256	256
1650. 128x128	2703	2436	256	256
1810. 128x128	505	2235	256	256
2505. 128x128	173	475	256	256
3235. 128x128	941	3085	256	256
3553. 128x128	1450	1234	256	256
3698. 128x128	2153	683	256	256
3840. 128x128	2838	3215	256	256
3931. 128x128	561	2546	256	256
4406. 128x128	2764	3252	256	256
4420. 128x128	2937	2314	256	256
4656. 128x128	3707	2107	256	256
4968. 128x128	165	1798	256	256
4870. 128x128	3003	1709	256	256
5215. 128x128	3418	2178	256	256
5434. 128x128	3026	3054	256	256
6291. 128x128	1533	3356	256	256
6598. 128x128	1593	1138	256	256
6982. 128x128	199	63	256	256
7407. 128x128	2022	1048	256	256
8074. 128x128	2251	2174	256	256
8329. 128x128	1002	3630	256	256
8746. 128x128	451	2937	256	256
10000. 128x128	587	2456	256	256
10329. 128x128	1786	3022	256	256
10537. 128x128	1937	2992	256	256
11080. 128x128	2251	2174	256	256
11341. 128x128	1713	270	256	256
12580. 128x128	627	3664	256	256
13127. 128x128	3750	2885	256	256
13186. 128x128	530	2296	256	256
13364. 128x128	1072	3799	256	256
13525. 128x128	530	2296	256	256
14738. 128x128	1186	1000	256	256
