371. 128x128	1024	3517	256	256
1284. 128x128	1247	1761	256	256
2185. 128x128	380	386	256	256
4185. 128x128	1461	3682	256	256
4712. 128x128	740	1886	256	256
4965. 128x128	1184	1201	256	256
5147. 128x128	917	2575	256	256
5264. 128x128	3426	663	256	256
5976. 128x128	3751	852	256	256
8332. 128x128	1744	256	256	256
8486. 128x128	592	3694	256	256
9045. 128x128	667	3712	256	256
10425. 128x128	3068	3145	256	256
12982. 128x128	2843	1359	256	256
13404. 128x128	3785	1861	256	256
14881. 128x128	2952	2719	256	256
