609. 128x128	3314	2616	256	256
1190. 128x128	814	3016	256	256
1971. 128x128	2286	1264	256	256
3271. 128x128	652	2849	256	256
4060. 128x128	3055	1299	256	256
5784. 128x128	1590	2581	256	256
6117. 128x128	2072	2215	256	256
6951. 128x128	2540	2333	256	256
7056. 128x128	1852	1775	256	256
7325. 128x128	3433	560	256	256
8104. 128x128	2536	3593	256	256
8722. 128x128	1063	1310	256	256
9325. 128x128	3281	599	256	256
9690. 128x128	1327	2458	256	256
10350. 128x128	3824	1963	256	256
10412. 128x128	957	3162	256	256
11110. 128x128	2536	3593	256	256
11469. 128x128	397	3296	256	256
11577. 128x128	397	3296	256	256
11733. 128x128	1628	139	256	256
11883. 128x128	521	735	256	256
12047. 128x128	3736	1386	256	256
12174. 128x128	3736	1386	256	256
12608. 128x128	1365	2948	256	256
13362. 128x128	495	2301	256	256
