644. 128x128	3004	2649	256	256
1029. 128x128	286	2201	256	256
90. 128x128	566	45	256	256
2417. 128x128	3101	329	256	256
2443. 128x128	1029	3031	256	256
3763. 128x128	347	3150	256	256
3419. 128x128	457	2079	256	256
4174. 128x128	941	713	256	256
4348. 128x128	3236	906	256	256
4574. 128x128	1975	1180	256	256
5070. 128x128	3158	3704	256	256
5317. 128x128	2027	852	256	256
5540. 128x128	795	692	256	256
5682. 128x128	3062	192	256	256
5830. 128x128	1642	2541	256	256
6024. 128x128	2193	240	256	256
7608. 128x128	1072	984	256	256
7814. 128x128	1751	533	256	256
8289. 128x128	2275	66	256	256
11695. 128x128	3119	754	256	256
12935. 128x128	2682	2070	256	256
