331. 128x128	925	2186	256	256
956. 128x128	2767	1546	256	256
1651. 128x128	2180	986	256	256
4782. 128x128	3270	3143	256	256
4879. 128x128	1099	580	256	256
6386. 128x128	2057	1218	256	256
6486. 128x128	747	1144	256	256
7289. 128x128	2595	316	256	256
8162. 128x128	311	2075	256	256
7988. 128x128	1173	1254	256	256
8557. 128x128	1684	357	256	256
8850. 128x128	1290	2390	256	256
9087. 128x128	3764	3392	256	256
10040. 128x128	103	1802	256	256
10106. 128x128	2063	2777	256	256
11168. 128x128	311	2075	256	256
11712. 128x128	2654	1828	256	256
11665. 128x128	2730	1430	256	256
12855. 128x128	2116	1047	256	256
14637. 128x128	544	2160	256	256
