478. 128x128	3501	498	256	256
1062. 128x128	2668	118	256	256
145. 128x128	1935	3114	256	256
1328. 128x128	3523	3378	256	256
1885. 128x128	2382	1149	256	256
2065. 128x128	1315	3254	256	256
2465. 128x128	2547	341	256	256
2950. 128x128	2800	719	256	256
3544. 128x128	2990	2122	256	256
3725. 128x128	2463	3067	256	256
6992. 128x128	1503	3575	256	256
7995. 128x128	3111	978	256	256
9430. 128x128	3070	3668	256	256
9478. 128x128	1367	2569	256	256
9707. 128x128	3533	1468	256	256
9986. 128x128	3118	1335	256	256
9920. 128x128	641	1525	256	256
12586. 128x128	1705	3124	256	256
12893. 128x128	1723	2219	256	256
13759. 128x128	909	2056	256	256
13891. 128x128	2121	2911	256	256
14687. 128x128	3598	781	256	256
14526. 128x128	1644	1083	256	256
14559. 128x128	2819	2646	256	256
14793. 128x128	1818	133	256	256
15010. 128x128	3406	1967	256	256
