392. 128x128	2059	2470	256	256
1809. 128x128	860	367	256	256
2447. 128x128	3801	2482	256	256
2969. 128x128	1780	1342	256	256
3304. 128x128	2479	3278	256	256
3951. 128x128	1668	1179	256	256
4283. 128x128	2106	3616	256	256
5174. 128x128	1389	144	256	256
6286. 128x128	1447	2724	256	256
6136. 128x128	2674	3461	256	256
6342. 128x128	2813	995	256	256
6540. 128x128	1304	3175	256	256
7120. 128x128	3054	2148	256	256
7650. 128x128	659	676	256	256
8290. 128x128	1201	2569	256	256
8759. 128x128	1890	3131	256	256
9230. 128x128	943	536	256	256
9488. 128x128	1178	3707	256	256
10769. 128x128	150	3248	256	256
11858. 128x128	2049	3060	256	256
11971. 128x128	2879	377	256	256
12074. 128x128	2274	192	256	256
12201. 128x128	2274	192	256	256
12409. 128x128	2744	3799	256	256
13218. 128x128	1327	3720	256	256
13557. 128x128	1327	3720	256	256
15197. 128x128	2718	3800	256	256
15032. 128x128	401	960	256	256
15282. 128x128	915	1103	256	256
15302. 128x128	3556	1685	256	256
