400. 128x128	1211	79	256	256
688. 128x128	3590	2044	256	256
152. 128x128	3278	871	256	256
1419. 128x128	1280	3329	256	256
2130. 128x128	2267	863	256	256
2867. 128x128	1602	2534	256	256
2884. 128x128	2305	455	256	256
4930. 128x128	1012	1543	256	256
6016. 128x128	2448	2438	256	256
7096. 128x128	1882	3741	256	256
8043. 128x128	3182	2376	256	256
8792. 128x128	3083	1468	256	256
8958. 128x128	260	3383	256	256
9150. 128x128	1752	2081	256	256
10448. 128x128	1602	2171	256	256
11048. 128x128	3182	2376	256	256
11453. 128x128	419	1084	256	256
11560. 128x128	419	1084	256	256
13600. 128x128	470	1648	256	256
13958. 128x128	758	1122	256	256
