391. 128x128	3725	2006	256	256
218. 128x128	364	2540	256	256
567. 128x128	3254	362	256	256
1365. 128x128	2819	3078	256	256
1531. 128x128	2706	3773	256	256
1661. 128x128	3091	2136	256	256
1804. 128x128	3516	3833	256	256
2988. 128x128	3370	2632	256	256
3881. 128x128	420	487	256	256
4380. 128x128	2648	1378	256	256
4448. 128x128	3779	879	256	256
5171. 128x128	1569	1127	256	256
5892. 128x128	3516	3043	256	256
5902. 128x128	1474	3387	256	256
5843. 128x128	1662	1579	256	256
6498. 128x128	2731	3738	256	256
7010. 128x128	147	3199	256	256
8117. 128x128	784	1853	256	256
8415. 128x128	1622	3030	256	256
8517. 128x128	2366	1155	256	256
9023. 128x128	1754	1890	256	256
9424. 128x128	3443	3469	256	256
9981. 128x128	3759	2859	256	256
9951. 128x128	1411	778	256	256
10737. 128x128	3062	1275	256	256
10836. 128x128	1580	2081	256	256
11123. 128x128	784	1853	256	256
11799. 128x128	3071	2802	256	256
12081. 128x128	763	1698	256	256
12208. 128x128	763	1698	256	256
12332. 128x128	2893	1123	256	256
12810. 128x128	1986	506	256	256
13333. 128x128	1399	373	256	256
13617. 128x128	3184	1382	256	256
14047. 128x128	1070	1296	256	256
14217. 128x128	627	3720	256	256
14596. 128x128	2252	2412	256	256
15235. 128x128	2472	1970	256	256
15089. 128x128	447	367	256	256
