305. 128x128	2278	1855	256	256
1044. 128x128	2881	2049	256	256
334. 128x128	3655	1675	256	256
1099. 128x128	0	212	256	256
1316. 128x128	2644	279	256	256
2072. 128x128	274	516	256	256
2524. 128x128	3756	709	256	256
2855. 128x128	3736	1581	256	256
3362. 128x128	1739	1146	256	256
3726. 128x128	201	1631	256	256
4095. 128x128	1155	3175	256	256
4224. 128x128	1884	1039	256	256
4304. 128x128	162	2127	256	256
4540. 128x128	2317	197	256	256
4660. 128x128	760	2048	256	256
6242. 128x128	645	3688	256	256
6087. 128x128	1991	1566	256	256
7286. 128x128	282	1605	256	256
7321. 128x128	1962	3398	256	256
7854. 128x128	670	244	256	256
8204. 128x128	2093	2796	256	256
8141. 128x128	388	3422	256	256
8585. 128x128	42	3613	256	256
8738. 128x128	465	950	256	256
8683. 128x128	53	673	256	256
9029. 128x128	3226	489	256	256
9596. 128x128	3282	242	256	256
9745. 128x128	153	313	256	256
10970. 128x128	2349	1739	256	256
11209. 128x128	122	2427	256	256
11147. 128x128	388	3422	256	256
11455. 128x128	3307	210	256	256
11562. 128x128	3307	210	256	256
12297. 128x128	1258	413	256	256
12519. 128x128	3566	3129	256	256
12452. 128x128	3183	3510	256	256
12815. 128x128	3566	3129	256	256
14815. 128x128	3580	3562	256	256
14821. 128x128	1107	1385	256	256
15243. 128x128	508	3268	256	256
