559. 128x128	3573	1948	256	256
1114. 128x128	2349	3746	256	256
292. 128x128	1088	2073	256	256
625. 128x128	372	2636	256	256
1344. 128x128	2757	1999	256	256
2333. 128x128	419	2820	256	256
2494. 128x128	2848	892	256	256
2861. 128x128	933	2461	256	256
3293. 128x128	1678	423	256	256
3353. 128x128	2318	3543	256	256
3210. 128x128	1678	423	256	256
4969. 128x128	506	2767	256	256
4881. 128x128	903	1248	256	256
5670. 128x128	191	2375	256	256
6208. 128x128	1578	606	256	256
6620. 128x128	3361	3571	256	256
6634. 128x128	1275	1421	256	256
6658. 128x128	2431	3618	256	256
8265. 128x128	3469	2638	256	256
8571. 128x128	605	3746	256	256
8920. 128x128	3256	1528	256	256
9669. 128x128	1832	2050	256	256
10881. 128x128	2913	754	256	256
11344. 128x128	2954	1573	256	256
11990. 128x128	648	3240	256	256
13763. 128x128	482	3076	256	256
14541. 128x128	3604	3839	256	256
