46. 128x128	1493	180	256	256
293. 128x128	778	120	256	256
526. 128x128	689	887	256	256
1631. 128x128	2121	260	256	256
2580. 128x128	471	2589	256	256
2952. 128x128	2778	2149	256	256
4263. 128x128	3748	1574	256	256
4579. 128x128	2950	3023	256	256
5625. 128x128	2873	2729	256	256
6272. 128x128	3212	3517	256	256
8349. 128x128	3386	1778	256	256
8699. 128x128	3050	171	256	256
10056. 128x128	2079	660	256	256
13083. 128x128	264	459	256	256
13222. 128x128	1553	3441	256	256
13561. 128x128	1553	3441	256	256
14317. 128x128	3682	2578	256	256
15049. 128x128	1913	844	256	256
15135. 128x128	3828	1704	256	256
15246. 128x128	2930	3679	256	256
