196. 128x128	1017	55	256	256
1119. 128x128	678	2345	256	256
172. 128x128	3781	2898	256	256
1789. 128x128	1601	3226	256	256
3005. 128x128	1209	1589	256	256
2980. 128x128	2150	2924	256	256
3315. 128x128	1530	467	256	256
4534. 128x128	463	477	256	256
4980. 128x128	1131	2284	256	256
7040. 128x128	1096	744	256	256
7454. 128x128	461	718	256	256
7878. 128x128	278	3576	256	256
9776. 128x128	1653	331	256	256
11908. 128x128	2270	428	256	256
12795. 128x128	2563	1964	256	256
12924. 128x128	2273	2761	256	256
12988. 128x128	2992	1151	256	256
13047. 128x128	1497	131	256	256
13386. 128x128	2729	2993	256	256
14223. 128x128	940	3319	256	256
14768. 128x128	726	3324	256	256
