598. 128x128	2449	3831	256	256
745. 128x128	2833	2963	256	256
1077. 128x128	1399	767	256	256
1186. 128x128	2737	2502	256	256
2253. 128x128	2217	1309	256	256
2214. 128x128	1881	520	256	256
2015. 128x128	1469	1391	256	256
2366. 128x128	1336	3143	256	256
2925. 128x128	1546	3645	256	256
3548. 128x128	3003	1970	256	256
3843. 128x128	54	3073	256	256
4246. 128x128	654	3363	256	256
5427. 128x128	1835	3710	256	256
5646. 128x128	1549	3022	256	256
5743. 128x128	3400	2349	256	256
6319. 128x128	1545	2383	256	256
6629. 128x128	3169	3621	256	256
6875. 128x128	1199	3169	256	256
7891. 128x128	1367	194	256	256
8310. 128x128	3015	763	256	256
9723. 128x128	2554	1266	256	256
11541. 128x128	903	1163	256	256
12398. 128x128	408	925	256	256
13926. 128x128	2219	852	256	256
