517. 128x128	2048	776	256	256
888. 128x128	2477	1382	256	256
1512. 128x128	2175	2554	256	256
2538. 128x128	2267	2097	256	256
2959. 128x128	294	2652	256	256
3649. 128x128	2781	2766	256	256
5223. 128x128	1613	874	256	256
5541. 128x128	1068	85	256	256
5384. 128x128	1567	3628	256	256
5396. 128x128	2111	2602	256	256
7686. 128x128	3148	3749	256	256
7983. 128x128	40	2260	256	256
8919. 128x128	2815	3269	256	256
10402. 128x128	3748	2249	256	256
10913. 128x128	828	425	256	256
10864. 128x128	2647	2188	256	256
13225. 128x128	2231	339	256	256
13564. 128x128	2231	339	256	256
13712. 128x128	2628	3379	256	256
14482. 128x128	2602	2985	256	256
