516. 128x128	2315	1023	256	256
324. 128x128	2276	2603	256	256
1131. 128x128	3703	2861	256	256
2440. 128x128	1798	1152	256	256
2477. 128x128	3469	3566	256	256
2629. 128x128	1286	568	256	256
3073. 128x128	1929	3617	256	256
3887. 128x128	1978	139	256	256
4981. 128x128	2213	648	256	256
5197. 128x128	3749	3345	256	256
6766. 128x128	211	3354	256	256
7528. 128x128	1181	2002	256	256
8928. 128x128	1254	1744	256	256
9262. 128x128	534	2242	256	256
10496. 128x128	1731	3290	256	256
11654. 128x128	3107	2054	256	256
14700. 128x128	2379	876	256	256
14929. 128x128	1594	3757	256	256
