207. 128x128	1721	2000	256	256
1554. 128x128	1900	78	256	256
1555. 128x128	295	1234	256	256
1473. 128x128	3194	881	256	256
2154. 128x128	58	223	256	256
2023. 128x128	3483	3124	256	256
2384. 128x128	1232	3663	256	256
3306. 128x128	483	199	256	256
3708. 128x128	1659	467	256	256
3788. 128x128	3224	1540	256	256
4497. 128x128	2853	2723	256	256
4927. 128x128	713	1266	256	256
5672. 128x128	972	2711	256	256
6235. 128x128	333	1487	256	256
6714. 128x128	433	1341	256	256
8325. 128x128	68	2632	256	256
8858. 128x128	1390	210	256	256
11734. 128x128	21	2103	256	256
12310. 128x128	2418	3419	256	256
14140. 128x128	1973	3201	256	256
