572. 128x128	2286	1240	256	256
680. 128x128	1096	3490	256	256
873. 128x128	1127	3572	256	256
922. 128x128	1752	2859	256	256
993. 128x128	1225	2437	256	256
1123. 128x128	3266	2955	256	256
1402. 128x128	2296	2286	256	256
2828. 128x128	3373	926	256	256
2843. 128x128	207	162	256	256
2924. 128x128	2270	810	256	256
3839. 128x128	1102	1200	256	256
4135. 128x128	984	3578	256	256
4535. 128x128	1553	2517	256	256
5219. 128x128	3825	2384	256	256
6106. 128x128	2287	3348	256	256
6510. 128x128	2859	2129	256	256
6449. 128x128	920	2189	256	256
6791. 128x128	1323	1128	256	256
7803. 128x128	1291	1298	256	256
8795. 128x128	3120	1726	256	256
8849. 128x128	1991	2817	256	256
9047. 128x128	3134	2293	256	256
9091. 128x128	2861	2710	256	256
9385. 128x128	3667	2518	256	256
10113. 128x128	1351	305	256	256
10894. 128x128	392	920	256	256
10909. 128x128	3079	2547	256	256
10959. 128x128	3066	3119	256	256
10984. 128x128	3635	1826	256	256
11266. 128x128	3652	1492	256	256
11867. 128x128	3441	96	256	256
12050. 128x128	1421	1827	256	256
12177. 128x128	1421	1827	256	256
13597. 128x128	117	3551	256	256
13843. 128x128	2090	1363	256	256
14243. 128x128	3767	1341	256	256
15200. 128x128	650	535	256	256
