456. 128x128	317	867	256	256
1247. 128x128	2545	3052	256	256
1176. 128x128	495	1625	256	256
1523. 128x128	1415	854	256	256
1930. 128x128	2027	2790	256	256
1962. 128x128	2984	2429	256	256
2765. 128x128	2283	3086	256	256
2682. 128x128	3318	3253	256	256
3421. 128x128	642	2071	256	256
4717. 128x128	56	3594	256	256
5138. 128x128	1047	2175	256	256
5204. 128x128	3656	1145	256	256
6227. 128x128	2669	1618	256	256
7817. 128x128	3738	734	256	256
7826. 128x128	3806	3222	256	256
7960. 128x128	1613	2570	256	256
8400. 128x128	3120	2195	256	256
8268. 128x128	1610	419	256	256
8532. 128x128	268	3199	256	256
8947. 128x128	1126	1845	256	256
9864. 128x128	2847	530	256	256
9987. 128x128	658	2828	256	256
10099. 128x128	560	2428	256	256
10320. 128x128	2842	1909	256	256
11776. 128x128	1434	2843	256	256
14235. 128x128	157	3234	256	256
14343. 128x128	1356	3584	256	256
14495. 128x128	476	1043	256	256
