585. 128x128	2562	250	256	256
710. 128x128	1583	3309	256	256
877. 128x128	2399	3440	256	256
280. 128x128	2950	1674	256	256
1439. 128x128	1204	1197	256	256
2033. 128x128	448	127	256	256
2232. 128x128	3431	3141	256	256
2672. 128x128	1853	3384	256	256
2878. 128x128	817	102	256	256
2885. 128x128	3431	1088	256	256
3332. 128x128	3703	3626	256	256
3539. 128x128	3588	1985	256	256
3582. 128x128	2439	875	256	256
3806. 128x128	709	1270	256	256
4358. 128x128	3294	2024	256	256
7080. 128x128	741	3079	256	256
7333. 128x128	2048	1893	256	256
7359. 128x128	1557	3611	256	256
7706. 128x128	235	3126	256	256
7827. 128x128	3542	793	256	256
8361. 128x128	2443	2241	256	256
8391. 128x128	3134	3803	256	256
8800. 128x128	716	829	256	256
9186. 128x128	1985	3022	256	256
9750. 128x128	1445	1292	256	256
11015. 128x128	746	3357	256	256
11829. 128x128	3743	729	256	256
11935. 128x128	3009	1905	256	256
12290. 128x128	1384	2900	256	256
13072. 128x128	1502	2379	256	256
13660. 128x128	2200	3355	256	256
14146. 128x128	3093	2286	256	256
14585. 128x128	2855	2731	256	256
15080. 128x128	838	1720	256	256
