505. 128x128	1398	1536	256	256
444. 128x128	2660	846	256	256
757. 128x128	3837	1673	256	256
1106. 128x128	3040	3345	256	256
289. 128x128	1568	1122	256	256
1151. 128x128	210	2190	256	256
547. 128x128	3450	2018	256	256
561. 128x128	3484	3381	256	256
1688. 128x128	2832	3470	256	256
1879. 128x128	1517	514	256	256
1969. 128x128	2163	2914	256	256
2120. 128x128	2757	3416	256	256
3000. 128x128	1560	2207	256	256
3469. 128x128	2303	2088	256	256
3648. 128x128	2498	324	256	256
3769. 128x128	2816	2768	256	256
3870. 128x128	1235	660	256	256
4101. 128x128	1849	1569	256	256
4532. 128x128	1013	341	256	256
4493. 128x128	938	2637	256	256
4698. 128x128	2087	2887	256	256
5277. 128x128	1099	880	256	256
5251. 128x128	3461	233	256	256
5363. 128x128	1600	1312	256	256
6287. 128x128	458	717	256	256
6926. 128x128	660	560	256	256
7412. 128x128	2437	3337	256	256
8382. 128x128	2372	398	256	256
8412. 128x128	2207	1632	256	256
8815. 128x128	3377	591	256	256
9395. 128x128	2861	408	256	256
9820. 128x128	1565	750	256	256
10110. 128x128	3580	1485	256	256
10234. 128x128	3372	2346	256	256
10323. 128x128	1032	1583	256	256
10787. 128x128	3292	437	256	256
10903. 128x128	3498	1344	256	256
12454. 128x128	1137	989	256	256
14071. 128x128	606	2632	256	256
14701. 128x128	1396	931	256	256
