186. 128x128	1	2256	256	256
431. 128x128	1460	2725	256	256
1047. 128x128	1127	3228	256	256
487. 128x128	1694	2983	256	256
1795. 128x128	2288	1048	256	256
2043. 128x128	15	3622	256	256
3521. 128x128	2548	2978	256	256
3707. 128x128	850	811	256	256
4644. 128x128	1013	126	256	256
5010. 128x128	389	1221	256	256
7411. 128x128	2791	384	256	256
7604. 128x128	1993	3210	256	256
7909. 128x128	2144	722	256	256
9275. 128x128	2195	2911	256	256
9199. 128x128	1861	3698	256	256
9849. 128x128	3652	1482	256	256
10005. 128x128	1596	1961	256	256
10122. 128x128	979	58	256	256
10264. 128x128	1306	2464	256	256
10298. 128x128	2349	2380	256	256
11212. 128x128	2463	2190	256	256
11291. 128x128	2944	2500	256	256
14390. 128x128	355	302	256	256
14639. 128x128	2942	1912	256	256
14777. 128x128	3410	890	256	256
14892. 128x128	1799	1355	256	256
