676. 128x128	896	1583	256	256
734. 128x128	1214	905	256	256
813. 128x128	176	172	256	256
1358. 128x128	12	209	256	256
1681. 128x128	3435	2201	256	256
3060. 128x128	1460	682	256	256
4090. 128x128	3214	1078	256	256
5040. 128x128	2213	2133	256	256
5677. 128x128	3297	789	256	256
6614. 128x128	1289	3699	256	256
8086. 128x128	1770	2304	256	256
8161. 128x128	3783	1310	256	256
8261. 128x128	1923	1155	256	256
8829. 128x128	1604	3046	256	256
8674. 128x128	2566	451	256	256
11091. 128x128	1770	2304	256	256
11167. 128x128	3783	1310	256	256
12084. 128x128	661	398	256	256
12211. 128x128	661	398	256	256
12710. 128x128	3667	579	256	256
12731. 128x128	2128	505	256	256
13840. 128x128	3380	2988	256	256
13959. 128x128	539	700	256	256
13971. 128x128	2848	662	256	256
14764. 128x128	2747	2502	256	256
14807. 128x128	1728	1065	256	256
14938. 128x128	681	3327	256	256
15190. 128x128	969	1503	256	256
