334. 128x128	3655	1675	256	256
1823. 128x128	2513	3810	256	256
2292. 128x128	3573	1527	256	256
2423. 128x128	1035	3619	256	256
2351. 128x128	119	2667	256	256
4133. 128x128	1273	1749	256	256
5291. 128x128	2629	3791	256	256
5654. 128x128	3228	134	256	256
5878. 128x128	1714	1041	256	256
9840. 128x128	1072	536	256	256
10228. 128x128	1932	3183	256	256
10522. 128x128	2673	3066	256	256
13148. 128x128	2857	2509	256	256
13487. 128x128	2857	2509	256	256
14321. 128x128	1603	1400	256	256
14365. 128x128	3279	2665	256	256
14560. 128x128	3280	1216	256	256
