679. 128x128	1350	2509	256	256
354. 128x128	1575	2675	256	256
65. 128x128	3310	2469	256	256
180. 128x128	2684	2883	256	256
1426. 128x128	2218	156	256	256
1586. 128x128	1842	1078	256	256
2056. 128x128	2634	3401	256	256
2805. 128x128	3305	2467	256	256
3479. 128x128	3270	3578	256	256
3487. 128x128	3453	123	256	256
4475. 128x128	3599	2112	256	256
4577. 128x128	3153	3419	256	256
5288. 128x128	1556	192	256	256
6994. 128x128	2267	1283	256	256
7635. 128x128	3730	768	256	256
7653. 128x128	165	3779	256	256
8342. 128x128	1245	207	256	256
8456. 128x128	2181	3010	256	256
8579. 128x128	1858	61	256	256
8650. 128x128	3700	1248	256	256
9094. 128x128	2316	212	256	256
10502. 128x128	201	3409	256	256
10519. 128x128	3226	1172	256	256
10712. 128x128	2648	541	256	256
12629. 128x128	1334	2810	256	256
13670. 128x128	879	2289	256	256
14629. 128x128	3567	506	256	256
15068. 128x128	3582	285	256	256
