631. 128x128	2957	2641	256	256
254. 128x128	1585	2926	256	256
1596. 128x128	340	443	256	256
1485. 128x128	3033	1225	256	256
1645. 128x128	3585	2212	256	256
2724. 128x128	2701	3186	256	256
3732. 128x128	2318	1891	256	256
4410. 128x128	3122	964	256	256
4737. 128x128	1719	562	256	256
5559. 128x128	3611	1077	256	256
5565. 128x128	3608	1069	256	256
5914. 128x128	1528	2447	256	256
6010. 128x128	3420	520	256	256
6122. 128x128	2144	3809	256	256
6174. 128x128	70	1232	256	256
6816. 128x128	1276	2995	256	256
7115. 128x128	1730	479	256	256
7490. 128x128	350	2704	256	256
9504. 128x128	992	1935	256	256
10284. 128x128	2667	134	256	256
10293. 128x128	813	2767	256	256
12591. 128x128	3584	1733	256	256
13855. 128x128	2234	446	256	256
15134. 128x128	431	1900	256	256
