266. 128x128	2907	2742	256	256
909. 128x128	892	2046	256	256
947. 128x128	3707	1019	256	256
1525. 128x128	3424	224	256	256
3070. 128x128	829	1494	256	256
4783. 128x128	2436	2187	256	256
5122. 128x128	1436	1411	256	256
5151. 128x128	2494	3047	256	256
5442. 128x128	3154	2177	256	256
7450. 128x128	970	3443	256	256
7402. 128x128	804	922	256	256
7956. 128x128	2956	1835	256	256
8228. 128x128	3826	2390	256	256
8402. 128x128	448	410	256	256
8754. 128x128	2276	413	256	256
8734. 128x128	1229	3068	256	256
8737. 128x128	1202	2012	256	256
9090. 128x128	3518	1633	256	256
9140. 128x128	192	1290	256	256
9865. 128x128	2276	2974	256	256
9960. 128x128	2825	17	256	256
10404. 128x128	1261	1263	256	256
10692. 128x128	3182	1008	256	256
11196. 128x128	1828	1301	256	256
11310. 128x128	790	2439	256	256
11494. 128x128	3783	2126	256	256
11514. 128x128	800	2462	256	256
11602. 128x128	3783	2126	256	256
11625. 128x128	800	2462	256	256
11770. 128x128	2457	3764	256	256
12086. 128x128	1880	3398	256	256
12122. 128x128	2295	1293	256	256
12213. 128x128	1880	3398	256	256
12249. 128x128	2295	1293	256	256
12501. 128x128	65	163	256	256
12432. 128x128	3111	940	256	256
12797. 128x128	65	163	256	256
12981. 128x128	3489	2508	256	256
13932. 128x128	2782	1711	256	256
14377. 128x128	996	3669	256	256
14543. 128x128	3802	2861	256	256
14630. 128x128	2849	33	256	256
15208. 128x128	2412	3214	256	256
