141. 128x128	73	318	256	256
392. 128x128	2059	2470	256	256
403. 128x128	748	2773	256	256
407. 128x128	1295	3659	256	256
1127. 128x128	2106	3366	256	256
1510. 128x128	1630	2033	256	256
1663. 128x128	3820	2409	256	256
1617. 128x128	2074	872	256	256
2699. 128x128	2487	3551	256	256
3283. 128x128	2370	948	256	256
3200. 128x128	2370	948	256	256
3215. 128x128	723	382	256	256
3611. 128x128	1440	3485	256	256
5888. 128x128	1856	2298	256	256
6925. 128x128	287	2689	256	256
6873. 128x128	2047	2345	256	256
7160. 128x128	332	2585	256	256
7237. 128x128	1511	3511	256	256
7560. 128x128	2705	1537	256	256
7984. 128x128	529	720	256	256
8561. 128x128	358	242	256	256
8983. 128x128	2952	2512	256	256
9148. 128x128	3824	1217	256	256
9882. 128x128	3614	3495	256	256
10575. 128x128	2016	3124	256	256
11016. 128x128	1147	343	256	256
11842. 128x128	470	1476	256	256
12355. 128x128	2680	854	256	256
12675. 128x128	3147	1124	256	256
12992. 128x128	1780	3533	256	256
13244. 128x128	2468	219	256	256
13350. 128x128	2583	1967	256	256
13583. 128x128	2468	219	256	256
14724. 128x128	1217	1928	256	256
