326. 128x128	1733	2062	256	256
2389. 128x128	444	403	256	256
2582. 128x128	999	1053	256	256
2937. 128x128	3265	3535	256	256
2911. 128x128	1594	101	256	256
3449. 128x128	2848	579	256	256
4803. 128x128	3600	821	256	256
4955. 128x128	2546	756	256	256
5121. 128x128	3495	468	256	256
5393. 128x128	3642	1125	256	256
5435. 128x128	1219	3051	256	256
5738. 128x128	651	2004	256	256
6183. 128x128	3178	3178	256	256
6296. 128x128	2481	3325	256	256
6885. 128x128	1096	353	256	256
6915. 128x128	3743	3686	256	256
6986. 128x128	159	1795	256	256
7257. 128x128	2705	1574	256	256
7488. 128x128	546	3245	256	256
7581. 128x128	1086	2221	256	256
7953. 128x128	1407	397	256	256
8414. 128x128	2850	754	256	256
8930. 128x128	2927	348	256	256
8846. 128x128	1771	2181	256	256
10435. 128x128	1420	3382	256	256
11175. 128x128	2921	2190	256	256
11406. 128x128	1433	596	256	256
11982. 128x128	2351	1918	256	256
12336. 128x128	2573	3478	256	256
12620. 128x128	2696	3650	256	256
12695. 128x128	2703	667	256	256
14528. 128x128	1880	455	256	256
