187. 128x128	2798	1059	256	256
2364. 128x128	1852	1950	256	256
2586. 128x128	366	1805	256	256
3264. 128x128	3833	3612	256	256
4558. 128x128	1752	3125	256	256
5168. 128x128	3280	2507	256	256
6063. 128x128	2048	3768	256	256
6726. 128x128	3672	3762	256	256
7682. 128x128	3590	1014	256	256
9604. 128x128	518	2795	256	256
10102. 128x128	3247	1710	256	256
10270. 128x128	805	460	256	256
13327. 128x128	507	2928	256	256
14440. 128x128	1040	1833	256	256
14490. 128x128	1712	1514	256	256
15231. 128x128	1949	2653	256	256
