273. 128x128	1439	3258	256	256
285. 128x128	2688	3574	256	256
580. 128x128	2864	461	256	256
1483. 128x128	1282	1608	256	256
2199. 128x128	3132	2851	256	256
2565. 128x128	1508	3378	256	256
3436. 128x128	1435	1110	256	256
3937. 128x128	351	1961	256	256
4192. 128x128	2586	1549	256	256
4761. 128x128	1245	1753	256	256
4883. 128x128	2179	1294	256	256
4891. 128x128	3012	3730	256	256
5301. 128x128	2962	2039	256	256
5255. 128x128	93	1854	256	256
5656. 128x128	2913	3682	256	256
5966. 128x128	2706	3525	256	256
6853. 128x128	2008	1391	256	256
7042. 128x128	2020	3118	256	256
7057. 128x128	2219	1660	256	256
8880. 128x128	1082	2999	256	256
8997. 128x128	3063	161	256	256
9059. 128x128	451	2916	256	256
9749. 128x128	1023	1300	256	256
10473. 128x128	3729	368	256	256
11294. 128x128	3079	314	256	256
11505. 128x128	3660	239	256	256
11616. 128x128	3660	239	256	256
11906. 128x128	1437	2870	256	256
13284. 128x128	723	2696	256	256
13704. 128x128	2482	3370	256	256
13747. 128x128	3285	3583	256	256
13872. 128x128	590	1235	256	256
14018. 128x128	1331	415	256	256
14358. 128x128	2710	2114	256	256
14405. 128x128	755	3237	256	256
15026. 128x128	1377	792	256	256
15066. 128x128	1478	2242	256	256
