352. 128x128	402	3067	256	256
652. 128x128	3074	2872	256	256
1043. 128x128	1281	786	256	256
1078. 128x128	1448	1957	256	256
1613. 128x128	2371	1151	256	256
1622. 128x128	2969	606	256	256
2482. 128x128	3713	1211	256	256
4013. 128x128	2595	2161	256	256
4445. 128x128	1031	2217	256	256
4755. 128x128	444	2424	256	256
4760. 128x128	3344	3647	256	256
5310. 128x128	208	1672	256	256
5484. 128x128	2565	1626	256	256
5487. 128x128	3496	1579	256	256
6146. 128x128	487	2574	256	256
6422. 128x128	1293	2403	256	256
6678. 128x128	1902	3598	256	256
6602. 128x128	2887	2484	256	256
6960. 128x128	2342	149	256	256
7154. 128x128	1743	1641	256	256
7179. 128x128	1743	1641	256	256
7231. 128x128	1219	3777	256	256
7466. 128x128	760	3375	256	256
7619. 128x128	3694	2122	256	256
8024. 128x128	1259	92	256	256
9003. 128x128	956	1407	256	256
9277. 128x128	886	2529	256	256
10235. 128x128	2433	2097	256	256
11828. 128x128	726	3404	256	256
11859. 128x128	844	3769	256	256
12614. 128x128	1987	1259	256	256
12745. 128x128	612	3494	256	256
13441. 128x128	671	3806	256	256
13650. 128x128	2148	859	256	256
