345. 128x128	718	3358	256	256
1188. 128x128	261	3091	256	256
933. 128x128	1298	1100	256	256
162. 128x128	3236	652	256	256
2371. 128x128	902	3705	256	256
3518. 128x128	193	3568	256	256
4885. 128x128	728	2768	256	256
5467. 128x128	2357	2240	256	256
7741. 128x128	2705	3258	256	256
8587. 128x128	862	2461	256	256
10070. 128x128	3836	1284	256	256
10434. 128x128	1255	2234	256	256
10895. 128x128	288	1471	256	256
13283. 128x128	726	1555	256	256
13286. 128x128	2338	759	256	256
13684. 128x128	2702	107	256	256
13771. 128x128	1128	1382	256	256
14753. 128x128	2663	2719	256	256
