24. 128x128	843	3122	256	256
2. 128x128	1416	1973	256	256
1869. 128x128	392	3151	256	256
2341. 128x128	533	2832	256	256
2173. 128x128	147	2993	256	256
4083. 128x128	1941	3631	256	256
4150. 128x128	1207	1628	256	256
4584. 128x128	1024	2429	256	256
4667. 128x128	2928	3750	256	256
6198. 128x128	2630	333	256	256
7303. 128x128	3711	1240	256	256
7788. 128x128	3799	1967	256	256
9703. 128x128	446	369	256	256
9718. 128x128	803	3298	256	256
13768. 128x128	3285	2203	256	256
13903. 128x128	2796	2951	256	256
