570. 128x128	1891	321	256	256
230. 128x128	2529	3570	256	256
1786. 128x128	3066	1258	256	256
2806. 128x128	2210	1495	256	256
3877. 128x128	2548	3448	256	256
4355. 128x128	3737	340	256	256
4516. 128x128	3017	405	256	256
5093. 128x128	2767	3277	256	256
5309. 128x128	3280	3231	256	256
5608. 128x128	64	3160	256	256
5884. 128x128	3704	2589	256	256
6471. 128x128	3248	1565	256	256
6501. 128x128	38	2603	256	256
6696. 128x128	1933	2481	256	256
7624. 128x128	1494	810	256	256
7897. 128x128	2560	475	256	256
8045. 128x128	529	1929	256	256
8194. 128x128	3100	1351	256	256
8611. 128x128	1235	2272	256	256
8656. 128x128	1496	3669	256	256
9414. 128x128	2156	3464	256	256
9586. 128x128	2407	626	256	256
10239. 128x128	2414	118	256	256
10977. 128x128	3782	881	256	256
11050. 128x128	529	1929	256	256
11204. 128x128	568	2432	256	256
12033. 128x128	3384	2134	256	256
12160. 128x128	3384	2134	256	256
12431. 128x128	1258	3525	256	256
13145. 128x128	1460	1321	256	256
13289. 128x128	1256	3004	256	256
13484. 128x128	1460	1321	256	256
