248. 128x128	3200	2812	256	256
1263. 128x128	1365	3059	256	256
277. 128x128	1637	2682	256	256
2290. 128x128	3698	1455	256	256
2984. 128x128	2381	2172	256	256
3789. 128x128	3614	1058	256	256
3810. 128x128	3660	1689	256	256
4855. 128x128	835	1736	256	256
5092. 128x128	1821	2986	256	256
5510. 128x128	1095	1255	256	256
5681. 128x128	2449	492	256	256
5692. 128x128	742	3455	256	256
5955. 128x128	3838	2919	256	256
8968. 128x128	776	2110	256	256
9203. 128x128	2432	228	256	256
10360. 128x128	3830	2112	256	256
10846. 128x128	1187	3123	256	256
11731. 128x128	1915	964	256	256
11954. 128x128	2626	424	256	256
13319. 128x128	2116	273	256	256
13645. 128x128	407	3588	256	256
13928. 128x128	3743	3027	256	256
13966. 128x128	760	2020	256	256
14186. 128x128	277	366	256	256
14672. 128x128	2409	1129	256	256
14846. 128x128	2409	1129	256	256
15082. 128x128	2491	2096	256	256
15333. 128x128	3007	3499	256	256
