610. 128x128	706	3541	256	256
789. 128x128	2327	2336	256	256
636. 128x128	2404	2851	256	256
491. 128x128	2437	3351	256	256
1003. 128x128	142	3253	256	256
1339. 128x128	3422	3721	256	256
3862. 128x128	506	3002	256	256
4672. 128x128	3601	1194	256	256
7332. 128x128	2730	244	256	256
7916. 128x128	110	2651	256	256
7961. 128x128	1412	1597	256	256
9412. 128x128	971	617	256	256
9474. 128x128	778	2431	256	256
9906. 128x128	2551	1964	256	256
10041. 128x128	1549	524	256	256
10527. 128x128	1561	3773	256	256
10709. 128x128	2969	1440	256	256
11385. 128x128	3042	2137	256	256
12499. 128x128	666	97	256	256
13990. 128x128	1831	629	256	256
14158. 128x128	1236	1639	256	256
14323. 128x128	1602	1909	256	256
14352. 128x128	2066	963	256	256
