145. 128x128	1935	3114	256	256
423. 128x128	864	2828	256	256
840. 128x128	2671	2164	256	256
1138. 128x128	2504	3451	256	256
1161. 128x128	942	1945	256	256
1698. 128x128	3793	1867	256	256
1983. 128x128	2053	3455	256	256
3654. 128x128	2330	2762	256	256
3793. 128x128	325	841	256	256
4596. 128x128	2916	1201	256	256
7327. 128x128	1604	2698	256	256
8274. 128x128	3128	3405	256	256
8753. 128x128	1043	2652	256	256
9336. 128x128	1238	1679	256	256
10841. 128x128	1189	2541	256	256
11247. 128x128	872	288	256	256
11528. 128x128	1739	1283	256	256
11612. 128x128	1402	2054	256	256
11768. 128x128	2691	2422	256	256
11993. 128x128	697	2841	256	256
11918. 128x128	3142	2471	256	256
11927. 128x128	3231	1557	256	256
11967. 128x128	3636	768	256	256
12520. 128x128	1919	2128	256	256
13454. 128x128	1512	353	256	256
14584. 128x128	320	1580	256	256
15090. 128x128	3732	1338	256	256
15304. 128x128	1774	1521	256	256
