674. 128x128	2216	2938	256	256
221. 128x128	148	2021	256	256
1405. 128x128	2905	943	256	256
1504. 128x128	3135	2178	256	256
1693. 128x128	2658	1049	256	256
2126. 128x128	1017	2228	256	256
2152. 128x128	513	3754	256	256
4273. 128x128	1798	3241	256	256
6289. 128x128	3059	720	256	256
7363. 128x128	1495	789	256	256
9470. 128x128	3549	357	256	256
10532. 128x128	2240	3230	256	256
10589. 128x128	1364	3004	256	256
11871. 128x128	1728	162	256	256
12918. 128x128	3155	2184	256	256
13803. 128x128	3521	87	256	256
13922. 128x128	1634	3348	256	256
14345. 128x128	2274	974	256	256
