200. 128x128	3299	3499	256	256
2145. 128x128	2857	1497	256	256
2991. 128x128	1187	1100	256	256
5059. 128x128	919	2223	256	256
5351. 128x128	228	442	256	256
7414. 128x128	287	3361	256	256
7487. 128x128	679	821	256	256
8159. 128x128	609	3020	256	256
7976. 128x128	291	2249	256	256
8814. 128x128	578	3703	256	256
8848. 128x128	135	2406	256	256
10742. 128x128	627	644	256	256
11165. 128x128	609	3020	256	256
11791. 128x128	1270	1623	256	256
11965. 128x128	3809	813	256	256
12322. 128x128	3440	1111	256	256
12353. 128x128	1155	128	256	256
13159. 128x128	1103	2917	256	256
13498. 128x128	1103	2917	256	256
14478. 128x128	2200	3228	256	256
14647. 128x128	2346	107	256	256
14746. 128x128	88	247	256	256
