74. 128x128	2464	1614	256	256
1550. 128x128	250	1821	256	256
1725. 128x128	3342	1052	256	256
1776. 128x128	144	2532	256	256
1788. 128x128	2658	3121	256	256
2193. 128x128	3315	2358	256	256
2528. 128x128	2217	993	256	256
2602. 128x128	395	3649	256	256
2846. 128x128	3012	190	256	256
3622. 128x128	2118	1898	256	256
4509. 128x128	3706	1648	256	256
5481. 128x128	433	1220	256	256
5489. 128x128	2760	2003	256	256
5421. 128x128	2575	2454	256	256
5872. 128x128	1297	3503	256	256
8832. 128x128	1084	2236	256	256
9719. 128x128	1992	582	256	256
10427. 128x128	604	3247	256	256
10924. 128x128	3506	1770	256	256
11227. 128x128	2136	762	256	256
11250. 128x128	221	1164	256	256
11458. 128x128	3558	1945	256	256
11683. 128x128	1040	398	256	256
11974. 128x128	2572	1828	256	256
12539. 128x128	3643	3648	256	256
12954. 128x128	2059	1673	256	256
13376. 128x128	2803	2326	256	256
13965. 128x128	3800	2107	256	256
14563. 128x128	1897	1590	256	256
15251. 128x128	1910	1854	256	256
