231. 128x128	1722	3440	256	256
409. 128x128	1813	1179	256	256
841. 128x128	2702	953	256	256
2251. 128x128	1515	3115	256	256
2195. 128x128	2563	2815	256	256
2915. 128x128	824	251	256	256
3625. 128x128	2693	695	256	256
3984. 128x128	496	2365	256	256
4873. 128x128	1906	1985	256	256
5381. 128x128	3034	189	256	256
6794. 128x128	2183	1687	256	256
6914. 128x128	2612	1212	256	256
6927. 128x128	1275	1586	256	256
6559. 128x128	3069	1585	256	256
7701. 128x128	2424	522	256	256
8360. 128x128	2827	2719	256	256
8288. 128x128	3195	1095	256	256
8811. 128x128	1391	884	256	256
9450. 128x128	69	19	256	256
9794. 128x128	1308	1470	256	256
11274. 128x128	2067	3536	256	256
12361. 128x128	2652	404	256	256
12722. 128x128	2671	1041	256	256
12962. 128x128	1307	3282	256	256
13282. 128x128	962	2946	256	256
13671. 128x128	3354	1036	256	256
15023. 128x128	532	3003	256	256
15073. 128x128	3652	3260	256	256
