546. 128x128	3697	1328	256	256
645. 128x128	2781	3135	256	256
1217. 128x128	3602	1022	256	256
1000. 128x128	1049	3713	256	256
536. 128x128	2566	322	256	256
2277. 128x128	1108	3457	256	256
4721. 128x128	2037	2156	256	256
5953. 128x128	711	2136	256	256
6408. 128x128	395	1939	256	256
7430. 128x128	1977	1552	256	256
8688. 128x128	2320	3546	256	256
9599. 128x128	2379	2942	256	256
9796. 128x128	3514	2842	256	256
11023. 128x128	2507	2755	256	256
11605. 128x128	1526	934	256	256
12556. 128x128	2202	2377	256	256
12852. 128x128	2202	2377	256	256
13065. 128x128	901	2697	256	256
13317. 128x128	1203	2397	256	256
13341. 128x128	3014	1451	256	256
13603. 128x128	2676	1508	256	256
