119. 128x128	2330	3312	256	256
165. 128x128	3153	1885	256	256
6097. 128x128	2941	810	256	256
7573. 128x128	409	559	256	256
9134. 128x128	1871	2156	256	256
9475. 128x128	2133	3407	256	256
9949. 128x128	255	805	256	256
11205. 128x128	1075	615	256	256
12483. 128x128	1304	1018	256	256
12726. 128x128	2279	3193	256	256
13051. 128x128	2587	1263	256	256
13221. 128x128	1478	3071	256	256
13338. 128x128	476	3488	256	256
13560. 128x128	1478	3071	256	256
13733. 128x128	1292	1255	256	256
14172. 128x128	3686	1013	256	256
14446. 128x128	1156	2469	256	256
