637. 128x128	2035	2365	256	256
798. 128x128	2579	2197	256	256
1153. 128x128	337	2497	256	256
533. 128x128	3777	311	256	256
1853. 128x128	1078	426	256	256
4094. 128x128	280	3532	256	256
4829. 128x128	857	77	256	256
5754. 128x128	2872	1811	256	256
6314. 128x128	2483	393	256	256
6589. 128x128	3525	2848	256	256
7377. 128x128	187	2795	256	256
8466. 128x128	3041	3797	256	256
9405. 128x128	3511	1100	256	256
10161. 128x128	2171	3071	256	256
10286. 128x128	2154	1766	256	256
10562. 128x128	1483	2870	256	256
10655. 128x128	1456	605	256	256
11440. 128x128	2240	59	256	256
12381. 128x128	3226	872	256	256
12583. 128x128	1695	398	256	256
14096. 128x128	3105	217	256	256
14685. 128x128	87	276	256	256
14860. 128x128	87	276	256	256
