697. 128x128	3238	1179	256	256
713. 128x128	834	2969	256	256
279. 128x128	1696	3709	256	256
128. 128x128	860	2718	256	256
184. 128x128	952	288	256	256
1299. 128x128	761	2622	256	256
1443. 128x128	849	2364	256	256
2183. 128x128	2948	932	256	256
2353. 128x128	2333	1859	256	256
3800. 128x128	168	1215	256	256
4020. 128x128	2623	2102	256	256
4048. 128x128	1537	920	256	256
4215. 128x128	2465	1931	256	256
4282. 128x128	3717	2084	256	256
4291. 128x128	1330	3543	256	256
4822. 128x128	569	1881	256	256
5598. 128x128	3835	2668	256	256
8362. 128x128	170	548	256	256
8431. 128x128	1865	327	256	256
8924. 128x128	1072	2026	256	256
9918. 128x128	644	3792	256	256
9948. 128x128	3078	3135	256	256
9957. 128x128	1186	2856	256	256
10488. 128x128	2554	2755	256	256
11192. 128x128	735	191	256	256
11522. 128x128	2598	3187	256	256
11531. 128x128	1364	2168	256	256
11633. 128x128	2598	3187	256	256
11642. 128x128	1364	2168	256	256
12137. 128x128	2943	1417	256	256
12264. 128x128	2943	1417	256	256
12266. 128x128	623	203	256	256
12278. 128x128	2460	2669	256	256
