174. 128x128	3083	3837	256	256
38. 128x128	2283	343	256	256
1070. 128x128	3611	212	256	256
948. 128x128	1862	495	256	256
1639. 128x128	3367	3345	256	256
2018. 128x128	1430	1260	256	256
3542. 128x128	1250	1603	256	256
3660. 128x128	674	615	256	256
3899. 128x128	1566	2175	256	256
3920. 128x128	2120	2559	256	256
4017. 128x128	153	1369	256	256
4728. 128x128	1896	2617	256	256
4842. 128x128	2449	3430	256	256
4993. 128x128	1730	2461	256	256
5327. 128x128	239	3535	256	256
6670. 128x128	1069	463	256	256
7103. 128x128	2003	3437	256	256
7736. 128x128	3713	1786	256	256
8262. 128x128	1146	1265	256	256
8578. 128x128	217	715	256	256
9009. 128x128	3019	1367	256	256
9012. 128x128	3722	1351	256	256
9338. 128x128	3421	1612	256	256
9200. 128x128	2923	697	256	256
9877. 128x128	700	1877	256	256
10004. 128x128	3355	2802	256	256
10185. 128x128	1296	2470	256	256
10242. 128x128	3040	3519	256	256
10351. 128x128	1928	2409	256	256
11324. 128x128	1857	330	256	256
12479. 128x128	2666	734	256	256
12895. 128x128	3606	2354	256	256
13411. 128x128	2370	2457	256	256
14944. 128x128	490	3157	256	256
