495. 128x128	1088	183	256	256
357. 128x128	1794	3578	256	256
83. 128x128	3347	2163	256	256
1646. 128x128	2496	1440	256	256
2810. 128x128	987	641	256	256
4428. 128x128	23	355	256	256
7146. 128x128	3552	1299	256	256
7694. 128x128	1142	2321	256	256
7863. 128x128	3070	178	256	256
7737. 128x128	3502	922	256	256
8959. 128x128	499	2520	256	256
9189. 128x128	3335	3345	256	256
9866. 128x128	566	3492	256	256
9946. 128x128	3806	1610	256	256
10212. 128x128	3513	2699	256	256
13086. 128x128	1418	624	256	256
13337. 128x128	2382	2554	256	256
14899. 128x128	3309	619	256	256
