621. 128x128	2791	857	256	256
644. 128x128	3004	2649	256	256
56. 128x128	1173	1131	256	256
575. 128x128	937	292	256	256
1424. 128x128	1938	3153	256	256
1526. 128x128	3583	338	256	256
2295. 128x128	2787	278	256	256
2407. 128x128	1492	272	256	256
2186. 128x128	1739	2239	256	256
2546. 128x128	1830	1079	256	256
3179. 128x128	832	989	256	256
3285. 128x128	3146	150	256	256
3202. 128x128	3146	150	256	256
3517. 128x128	177	821	256	256
3925. 128x128	996	2623	256	256
3942. 128x128	3300	3041	256	256
4627. 128x128	1813	1860	256	256
4529. 128x128	993	745	256	256
4740. 128x128	0	130	256	256
6376. 128x128	166	2641	256	256
6958. 128x128	1042	1757	256	256
6840. 128x128	1961	2822	256	256
7046. 128x128	3165	1943	256	256
7739. 128x128	3838	2427	256	256
8124. 128x128	3159	2959	256	256
8921. 128x128	61	1453	256	256
9850. 128x128	446	3375	256	256
10115. 128x128	2445	3173	256	256
10194. 128x128	2725	1497	256	256
10616. 128x128	82	3130	256	256
11130. 128x128	3159	2959	256	256
11269. 128x128	2150	1817	256	256
13324. 128x128	3020	1946	256	256
13611. 128x128	2127	1557	256	256
14489. 128x128	2267	3747	256	256
14872. 128x128	696	3096	256	256
