139. 128x128	137	2225	256	256
731. 128x128	2794	3358	256	256
1238. 128x128	959	2836	256	256
605. 128x128	2660	3351	256	256
481. 128x128	2574	3395	256	256
1135. 128x128	3527	939	256	256
1165. 128x128	3515	2852	256	256
1322. 128x128	3397	3599	256	256
2744. 128x128	2883	3454	256	256
2766. 128x128	3604	3756	256	256
2896. 128x128	1944	3688	256	256
4896. 128x128	3273	1662	256	256
5038. 128x128	2845	2719	256	256
5392. 128x128	438	534	256	256
5375. 128x128	1370	15	256	256
5983. 128x128	3112	895	256	256
6210. 128x128	3406	2560	256	256
6850. 128x128	20	833	256	256
8147. 128x128	1747	2948	256	256
8426. 128x128	1303	1643	256	256
8293. 128x128	2521	2815	256	256
9362. 128x128	3242	3347	256	256
9891. 128x128	893	2010	256	256
9998. 128x128	866	1784	256	256
10782. 128x128	3067	860	256	256
10910. 128x128	3308	59	256	256
11153. 128x128	1747	2948	256	256
11761. 128x128	1034	578	256	256
11794. 128x128	349	110	256	256
11844. 128x128	3239	2475	256	256
12601. 128x128	3438	762	256	256
12720. 128x128	2798	1242	256	256
12785. 128x128	834	3642	256	256
12884. 128x128	559	3510	256	256
14431. 128x128	1740	1813	256	256
14710. 128x128	1065	488	256	256
15289. 128x128	3026	3122	256	256
