48
235
52
29
16
70
7
9
50
64
90
82
79
65
90
111
33
117
35
122
85
110
144
81
52
32
14
57
46
70
258
145
102
131
119
107
125
91
83
110
91
65
102
83
89
65
83
81
78
73
80
91
74
118
86
106
103
88
62
113
131
112
80
113
108
94
62
88
112
122
135
47
145
126
131
122
100
116
116
125
121
96
102
102
113
85
150
125
81
117
102
92
98
145
145
140
136
138
126
80
125
148
143
135
112
106
43
96
85
73
101
130
127
109
125
122
168
86
96
87
89
60
19
141
88
67
107
102
112
71
84
97
111
127
127
131
104
90
100
106
83
94
61
278
109
111
108
121
110
108
10
92
75
88
65
72
96
79
77
91
118
68
70
72
66
0
70
38
67
7
34
13
37
148
354
141
82
