127. 128x128	2369	2385	256	256
612. 128x128	2245	3112	256	256
920. 128x128	3423	593	256	256
544. 128x128	3101	3611	256	256
1357. 128x128	3418	3187	256	256
2124. 128x128	1960	3025	256	256
4486. 128x128	469	3180	256	256
4519. 128x128	648	333	256	256
4697. 128x128	2671	531	256	256
5652. 128x128	3489	1067	256	256
6055. 128x128	1568	2535	256	256
6060. 128x128	248	1295	256	256
6622. 128x128	83	3179	256	256
7054. 128x128	1164	573	256	256
7550. 128x128	3127	3496	256	256
8157. 128x128	2969	2966	256	256
8247. 128x128	1578	101	256	256
11163. 128x128	2969	2966	256	256
11977. 128x128	1337	1127	256	256
13356. 128x128	271	3372	256	256
14123. 128x128	413	1468	256	256
