303. 128x128	1031	2428	256	256
657. 128x128	2215	3752	256	256
2028. 128x128	207	772	256	256
2851. 128x128	2663	2574	256	256
3136. 128x128	1694	2300	256	256
3808. 128x128	3603	341	256	256
3851. 128x128	3345	2790	256	256
3994. 128x128	1541	808	256	256
4333. 128x128	863	3082	256	256
4572. 128x128	3650	3718	256	256
5299. 128x128	725	21	256	256
5650. 128x128	626	1252	256	256
6052. 128x128	3495	3669	256	256
5962. 128x128	3699	1470	256	256
6803. 128x128	2683	2532	256	256
6579. 128x128	646	3592	256	256
7182. 128x128	2546	828	256	256
7579. 128x128	3595	3791	256	256
7885. 128x128	2455	3135	256	256
8781. 128x128	2741	2356	256	256
9413. 128x128	767	2307	256	256
9732. 128x128	969	2379	256	256
10466. 128x128	766	1479	256	256
12427. 128x128	2114	3048	256	256
12606. 128x128	231	756	256	256
13033. 128x128	1824	679	256	256
13898. 128x128	832	2539	256	256
14164. 128x128	3321	2988	256	256
