472. 128x128	1084	3584	256	256
770. 128x128	240	1625	256	256
701. 128x128	913	2014	256	256
869. 128x128	425	346	256	256
480. 128x128	2411	2395	256	256
914. 128x128	2131	634	256	256
1326. 128x128	1527	3355	256	256
3409. 128x128	3092	3599	256	256
3214. 128x128	259	1915	256	256
3445. 128x128	1016	34	256	256
4228. 128x128	468	2163	256	256
4277. 128x128	758	3385	256	256
4533. 128x128	3668	1278	256	256
4779. 128x128	2107	1011	256	256
5331. 128x128	257	816	256	256
6564. 128x128	3806	3681	256	256
7685. 128x128	655	72	256	256
8371. 128x128	2893	3454	256	256
8923. 128x128	2970	1865	256	256
8898. 128x128	2927	3467	256	256
9086. 128x128	3344	248	256	256
9108. 128x128	2202	1182	256	256
10353. 128x128	1585	1900	256	256
10695. 128x128	3617	3732	256	256
10799. 128x128	20	1149	256	256
11721. 128x128	2024	3330	256	256
11894. 128x128	1291	1353	256	256
14199. 128x128	1603	3349	256	256
14554. 128x128	1248	178	256	256
14823. 128x128	3191	507	256	256
14906. 128x128	696	1941	256	256
