701. 128x128	913	2014	256	256
1325. 128x128	2974	2221	256	256
1410. 128x128	1762	3262	256	256
2315. 128x128	1791	1352	256	256
3128. 128x128	3764	715	256	256
4600. 128x128	2011	7	256	256
5678. 128x128	770	2469	256	256
5680. 128x128	2358	3639	256	256
8809. 128x128	1680	40	256	256
8916. 128x128	3139	491	256	256
9628. 128x128	1275	1291	256	256
10976. 128x128	3478	2284	256	256
11891. 128x128	2705	1623	256	256
12959. 128x128	712	550	256	256
13131. 128x128	2888	2726	256	256
13332. 128x128	2065	3138	256	256
14709. 128x128	1576	3229	256	256
