4. 128x128	3623	555	256	256
881. 128x128	2484	3098	256	256
54. 128x128	2988	1357	256	256
2449. 128x128	3557	228	256	256
3568. 128x128	1432	1058	256	256
3809. 128x128	1814	2416	256	256
4583. 128x128	2286	3200	256	256
6126. 128x128	2366	3261	256	256
6382. 128x128	653	1502	256	256
7015. 128x128	100	807	256	256
8603. 128x128	3784	911	256	256
9226. 128x128	132	696	256	256
10706. 128x128	1028	2538	256	256
10975. 128x128	2840	3811	256	256
11229. 128x128	696	328	256	256
11983. 128x128	478	1033	256	256
13680. 128x128	241	459	256	256
14147. 128x128	2578	836	256	256
15291. 128x128	3639	2253	256	256
