599. 128x128	3310	3460	256	256
356. 128x128	2049	3466	256	256
140. 128x128	419	586	256	256
944. 128x128	1588	1410	256	256
200. 128x128	3299	3499	256	256
2498. 128x128	22	1577	256	256
2856. 128x128	1791	2553	256	256
2797. 128x128	3376	2223	256	256
2973. 128x128	1334	474	256	256
3043. 128x128	859	3076	256	256
2923. 128x128	2141	3237	256	256
3545. 128x128	2065	516	256	256
4388. 128x128	762	86	256	256
4976. 128x128	654	2951	256	256
5137. 128x128	438	303	256	256
7267. 128x128	2145	1286	256	256
7290. 128x128	971	2868	256	256
7656. 128x128	1271	2267	256	256
8259. 128x128	73	1345	256	256
8678. 128x128	54	1496	256	256
9602. 128x128	2833	1607	256	256
10307. 128x128	1660	1321	256	256
10554. 128x128	3168	1009	256	256
12031. 128x128	1340	3585	256	256
12044. 128x128	1789	1966	256	256
12158. 128x128	1340	3585	256	256
12171. 128x128	1789	1966	256	256
12500. 128x128	637	357	256	256
12690. 128x128	203	54	256	256
12796. 128x128	637	357	256	256
14357. 128x128	1620	693	256	256
