520. 128x128	1028	3551	256	256
327. 128x128	3259	754	256	256
1323. 128x128	610	3633	256	256
2900. 128x128	3375	2087	256	256
4026. 128x128	3124	3375	256	256
6268. 128x128	1589	1976	256	256
7531. 128x128	790	1053	256	256
10134. 128x128	1426	1183	256	256
12132. 128x128	1038	1162	256	256
12259. 128x128	1038	1162	256	256
12509. 128x128	2465	694	256	256
12662. 128x128	3376	2873	256	256
12805. 128x128	2465	694	256	256
15233. 128x128	1405	1849	256	256
15256. 128x128	2126	68	256	256
15303. 128x128	2705	425	256	256
