442. 128x128	1762	2301	256	256
473. 128x128	1122	2221	256	256
76. 128x128	2477	1943	256	256
1908. 128x128	426	1310	256	256
4201. 128x128	2878	3037	256	256
4140. 128x128	43	1473	256	256
4701. 128x128	551	1455	256	256
6151. 128x128	664	3599	256	256
6476. 128x128	2191	1084	256	256
7022. 128x128	2062	1272	256	256
7189. 128x128	2307	585	256	256
8750. 128x128	1924	517	256	256
9050. 128x128	1772	482	256	256
9374. 128x128	2326	2590	256	256
9238. 128x128	1971	2121	256	256
9577. 128x128	3144	2532	256	256
10339. 128x128	599	2646	256	256
11258. 128x128	3067	308	256	256
12424. 128x128	1300	1450	256	256
13092. 128x128	2769	3119	256	256
13842. 128x128	565	2996	256	256
14183. 128x128	1110	3376	256	256
14613. 128x128	3231	1822	256	256
