429. 128x128	2896	98	256	256
401. 128x128	1965	2267	256	256
2471. 128x128	281	3739	256	256
2503. 128x128	326	77	256	256
4921. 128x128	3775	359	256	256
5323. 128x128	3203	1152	256	256
5822. 128x128	1323	3774	256	256
7045. 128x128	499	607	256	256
7319. 128x128	274	171	256	256
7789. 128x128	3772	1025	256	256
7811. 128x128	605	2796	256	256
8689. 128x128	3358	1745	256	256
9005. 128x128	907	2746	256	256
9763. 128x128	3728	885	256	256
9814. 128x128	1416	516	256	256
10090. 128x128	691	876	256	256
12117. 128x128	3442	1441	256	256
12244. 128x128	3442	1441	256	256
12702. 128x128	5	3569	256	256
14055. 128x128	2649	3422	256	256
14383. 128x128	1683	270	256	256
