493. 128x128	484	1623	256	256
1168. 128x128	2678	268	256	256
174. 128x128	3083	3837	256	256
1708. 128x128	2526	774	256	256
1775. 128x128	1846	1543	256	256
2335. 128x128	852	565	256	256
2448. 128x128	849	1617	256	256
2731. 128x128	2196	3058	256	256
3536. 128x128	2206	3502	256	256
4941. 128x128	418	1630	256	256
5486. 128x128	2549	2972	256	256
6059. 128x128	3563	1035	256	256
6888. 128x128	2061	3462	256	256
7159. 128x128	387	2119	256	256
7518. 128x128	2140	2912	256	256
7833. 128x128	625	859	256	256
8583. 128x128	473	942	256	256
8575. 128x128	804	691	256	256
8899. 128x128	478	1682	256	256
11194. 128x128	3425	691	256	256
11481. 128x128	3718	3791	256	256
12912. 128x128	280	3370	256	256
13610. 128x128	293	3666	256	256
14128. 128x128	2901	3059	256	256
14779. 128x128	2376	1934	256	256
