601. 128x128	840	3553	256	256
120. 128x128	1312	3003	256	256
981. 128x128	1249	1477	256	256
1579. 128x128	2383	1477	256	256
1486. 128x128	2736	3410	256	256
2452. 128x128	1055	2127	256	256
2453. 128x128	1243	1599	256	256
2496. 128x128	436	3495	256	256
3140. 128x128	757	3551	256	256
3863. 128x128	3003	3387	256	256
4124. 128x128	2121	2029	256	256
4735. 128x128	2526	3278	256	256
5621. 128x128	3509	693	256	256
5835. 128x128	3302	3736	256	256
6485. 128x128	2121	487	256	256
6911. 128x128	2388	3632	256	256
7161. 128x128	1456	987	256	256
9463. 128x128	314	2150	256	256
11439. 128x128	1609	1059	256	256
11543. 128x128	1609	1059	256	256
13275. 128x128	1676	182	256	256
13292. 128x128	3083	632	256	256
14013. 128x128	856	918	256	256
14294. 128x128	1552	1793	256	256
14406. 128x128	1294	3426	256	256
14409. 128x128	1304	3419	256	256
14445. 128x128	21	2372	256	256
14670. 128x128	1585	1879	256	256
14680. 128x128	334	2093	256	256
14855. 128x128	334	2093	256	256
14908. 128x128	2216	1233	256	256
