267. 128x128	2267	2356	256	256
951. 128x128	3273	1289	256	256
1307. 128x128	3103	2114	256	256
1728. 128x128	2348	1604	256	256
2000. 128x128	3517	3325	256	256
2541. 128x128	2258	174	256	256
5181. 128x128	154	123	256	256
6046. 128x128	1193	2979	256	256
6487. 128x128	2884	1345	256	256
7445. 128x128	328	2850	256	256
7357. 128x128	2543	1473	256	256
7821. 128x128	1755	3328	256	256
8548. 128x128	799	2526	256	256
9809. 128x128	990	959	256	256
9963. 128x128	762	492	256	256
10761. 128x128	16	2489	256	256
10978. 128x128	2938	3233	256	256
11836. 128x128	776	739	256	256
12320. 128x128	1099	2716	256	256
13018. 128x128	2202	533	256	256
13174. 128x128	1360	2726	256	256
13513. 128x128	1360	2726	256	256
13831. 128x128	2223	2536	256	256
13737. 128x128	1796	3585	256	256
14408. 128x128	1464	1577	256	256
14465. 128x128	780	449	256	256
14694. 128x128	2182	3365	256	256
14816. 128x128	2673	3272	256	256
15327. 128x128	3500	3620	256	256
