215. 128x128	245	2788	256	256
383. 128x128	1197	2755	256	256
314. 128x128	3462	3427	256	256
807. 128x128	666	1251	256	256
1675. 128x128	55	1887	256	256
2081. 128x128	950	841	256	256
2428. 128x128	954	434	256	256
3773. 128x128	1571	21	256	256
3458. 128x128	2352	1286	256	256
3891. 128x128	3291	2265	256	256
4257. 128x128	2602	1619	256	256
5096. 128x128	506	2307	256	256
5755. 128x128	2235	2305	256	256
5864. 128x128	3284	3476	256	256
6134. 128x128	2160	493	256	256
6551. 128x128	3031	3779	256	256
7246. 128x128	1142	1568	256	256
7975. 128x128	1253	1597	256	256
8220. 128x128	956	3514	256	256
8496. 128x128	2760	2167	256	256
8993. 128x128	1479	3236	256	256
9100. 128x128	3459	3787	256	256
9393. 128x128	2563	1087	256	256
9587. 128x128	3606	2914	256	256
10019. 128x128	1313	3010	256	256
12899. 128x128	2952	3623	256	256
14372. 128x128	3622	1272	256	256
14920. 128x128	770	2453	256	256
14940. 128x128	1289	784	256	256
15065. 128x128	2267	1327	256	256
15278. 128x128	665	1717	256	256
