626. 128x128	3196	3360	256	256
2280. 128x128	728	2927	256	256
2288. 128x128	124	3374	256	256
2446. 128x128	3388	490	256	256
2169. 128x128	148	406	256	256
3307. 128x128	1461	3256	256	256
3224. 128x128	1461	3256	256	256
3762. 128x128	963	1580	256	256
4098. 128x128	1209	1585	256	256
4404. 128x128	2866	2197	256	256
5257. 128x128	564	1444	256	256
5378. 128x128	368	3258	256	256
5703. 128x128	2103	3641	256	256
5729. 128x128	2850	566	256	256
7351. 128x128	1343	3107	256	256
9073. 128x128	981	1330	256	256
9500. 128x128	1322	2204	256	256
10550. 128x128	743	3623	256	256
10462. 128x128	978	703	256	256
10672. 128x128	1759	2967	256	256
10878. 128x128	870	752	256	256
11225. 128x128	214	2892	256	256
11456. 128x128	1926	3605	256	256
11564. 128x128	1926	3605	256	256
12554. 128x128	2702	2622	256	256
15056. 128x128	2501	3421	256	256
