448. 128x128	2885	2247	256	256
466. 128x128	1298	2279	256	256
863. 128x128	3633	172	256	256
1528. 128x128	2207	257	256	256
2607. 128x128	1573	3796	256	256
2743. 128x128	601	3224	256	256
3478. 128x128	666	3336	256	256
5819. 128x128	1278	2091	256	256
6433. 128x128	283	2327	256	256
6814. 128x128	3687	2190	256	256
6730. 128x128	2451	860	256	256
7187. 128x128	2843	3767	256	256
7254. 128x128	2734	2453	256	256
7626. 128x128	3100	983	256	256
8057. 128x128	2148	428	256	256
9453. 128x128	2619	1352	256	256
10178. 128x128	590	3147	256	256
10227. 128x128	1173	1432	256	256
11062. 128x128	2148	428	256	256
11010. 128x128	941	90	256	256
11886. 128x128	3193	447	256	256
11893. 128x128	3198	441	256	256
12464. 128x128	1599	1241	256	256
12740. 128x128	3107	2383	256	256
13762. 128x128	521	8	256	256
14248. 128x128	259	1598	256	256
15108. 128x128	332	3021	256	256
