134. 128x128	2445	257	256	256
490. 128x128	3378	2007	256	256
939. 128x128	2186	1121	256	256
3854. 128x128	3813	3693	256	256
4205. 128x128	2313	2212	256	256
4537. 128x128	1513	1374	256	256
4906. 128x128	993	1407	256	256
6322. 128x128	2566	3412	256	256
6448. 128x128	1202	157	256	256
6683. 128x128	1302	2612	256	256
6868. 128x128	434	373	256	256
7857. 128x128	1164	312	256	256
8062. 128x128	3219	872	256	256
8174. 128x128	3708	1860	256	256
9698. 128x128	250	1924	256	256
10091. 128x128	564	830	256	256
10513. 128x128	2418	3525	256	256
11068. 128x128	3219	872	256	256
11288. 128x128	281	496	256	256
12016. 128x128	1267	1154	256	256
12143. 128x128	1267	1154	256	256
12417. 128x128	3615	2085	256	256
14091. 128x128	2042	2081	256	256
