201. 128x128	2178	1522	256	256
1074. 128x128	3657	1800	256	256
618. 128x128	2250	2587	256	256
1518. 128x128	3502	22	256	256
1768. 128x128	599	2008	256	256
2301. 128x128	739	3392	256	256
2882. 128x128	23	2106	256	256
2904. 128x128	2189	275	256	256
3770. 128x128	1871	3399	256	256
4057. 128x128	2068	3482	256	256
4301. 128x128	858	2652	256	256
4413. 128x128	3415	2053	256	256
4143. 128x128	2866	3166	256	256
4639. 128x128	3023	3825	256	256
6158. 128x128	2327	594	256	256
7129. 128x128	3325	1523	256	256
7330. 128x128	1780	3392	256	256
7217. 128x128	838	535	256	256
7801. 128x128	3376	2223	256	256
8331. 128x128	3616	2754	256	256
8690. 128x128	3674	480	256	256
8633. 128x128	3262	1858	256	256
9509. 128x128	1829	408	256	256
9641. 128x128	1920	521	256	256
10458. 128x128	1703	2525	256	256
10785. 128x128	2407	795	256	256
10931. 128x128	1019	3103	256	256
11931. 128x128	1095	926	256	256
11953. 128x128	2814	1112	256	256
13267. 128x128	1783	1641	256	256
14454. 128x128	2843	3472	256	256
14649. 128x128	3719	3699	256	256
