213. 128x128	2344	2248	256	256
799. 128x128	515	803	256	256
967. 128x128	2077	396	256	256
1873. 128x128	410	681	256	256
1888. 128x128	1298	1727	256	256
2613. 128x128	1741	3823	256	256
2642. 128x128	1857	3079	256	256
3121. 128x128	27	32	256	256
3429. 128x128	2752	3508	256	256
4119. 128x128	3123	2872	256	256
4128. 128x128	840	3592	256	256
4553. 128x128	925	213	256	256
5849. 128x128	3589	385	256	256
6035. 128x128	548	2441	256	256
6092. 128x128	309	1636	256	256
6338. 128x128	2530	359	256	256
7003. 128x128	3709	404	256	256
7020. 128x128	1329	1939	256	256
8645. 128x128	313	1212	256	256
9081. 128x128	1969	138	256	256
9592. 128x128	2178	1940	256	256
9800. 128x128	768	907	256	256
11025. 128x128	2445	2367	256	256
11457. 128x128	775	85	256	256
11779. 128x128	786	669	256	256
11923. 128x128	2322	3414	256	256
13699. 128x128	2040	780	256	256
14479. 128x128	3431	1949	256	256
14750. 128x128	601	2857	256	256
