94. 128x128	1239	1289	256	256
880. 128x128	323	481	256	256
1228. 128x128	797	3464	256	256
2304. 128x128	1485	337	256	256
2087. 128x128	3149	1576	256	256
2426. 128x128	1482	2307	256	256
2777. 128x128	3374	3353	256	256
3123. 128x128	1682	807	256	256
4654. 128x128	1435	425	256	256
5173. 128x128	2744	1604	256	256
5210. 128x128	2504	2887	256	256
5526. 128x128	406	554	256	256
6777. 128x128	1737	3703	256	256
8118. 128x128	1196	2396	256	256
9811. 128x128	814	401	256	256
10064. 128x128	370	2738	256	256
11124. 128x128	1196	2396	256	256
11671. 128x128	3035	233	256	256
11838. 128x128	466	3066	256	256
13206. 128x128	211	82	256	256
13545. 128x128	211	82	256	256
13618. 128x128	420	679	256	256
13952. 128x128	3253	1480	256	256
13976. 128x128	3096	3275	256	256
14370. 128x128	1774	1492	256	256
14782. 128x128	273	2060	256	256
