310. 128x128	3187	3084	256	256
1501. 128x128	2268	3340	256	256
3012. 128x128	1683	540	256	256
3497. 128x128	937	2187	256	256
4973. 128x128	1940	3616	256	256
5295. 128x128	2598	2833	256	256
5687. 128x128	2215	3570	256	256
5752. 128x128	1860	2281	256	256
5804. 128x128	1083	2693	256	256
5841. 128x128	2703	2306	256	256
6308. 128x128	2718	629	256	256
6866. 128x128	2668	1086	256	256
9028. 128x128	2147	2920	256	256
9681. 128x128	1317	1889	256	256
10461. 128x128	1983	1428	256	256
10756. 128x128	3292	786	256	256
