271. 128x128	2370	1948	256	256
493. 128x128	484	1623	256	256
804. 128x128	2093	1568	256	256
846. 128x128	278	2456	256	256
1331. 128x128	847	838	256	256
2316. 128x128	566	3051	256	256
2318. 128x128	2184	2932	256	256
2903. 128x128	2353	1568	256	256
3692. 128x128	3063	2522	256	256
3722. 128x128	3047	1969	256	256
4417. 128x128	434	81	256	256
6434. 128x128	3325	462	256	256
7245. 128x128	169	3481	256	256
7623. 128x128	385	2736	256	256
7774. 128x128	1664	3088	256	256
8008. 128x128	2116	2710	256	256
9333. 128x128	65	3803	256	256
10493. 128x128	2334	2900	256	256
10900. 128x128	2213	3080	256	256
11462. 128x128	811	1268	256	256
11570. 128x128	811	1268	256	256
12021. 128x128	3392	834	256	256
11984. 128x128	2522	1125	256	256
12148. 128x128	3392	834	256	256
13809. 128x128	3770	2585	256	256
14007. 128x128	273	2369	256	256
14207. 128x128	3464	2640	256	256
14244. 128x128	2467	3744	256	256
14748. 128x128	191	727	256	256
14937. 128x128	751	710	256	256
