678. 128x128	3506	3313	256	256
607. 128x128	118	2716	256	256
1601. 128x128	1529	2372	256	256
2170. 128x128	2243	816	256	256
2948. 128x128	1145	3010	256	256
4198. 128x128	81	174	256	256
4699. 128x128	1230	3581	256	256
6103. 128x128	2035	3370	256	256
6193. 128x128	95	1799	256	256
6671. 128x128	2433	667	256	256
6861. 128x128	3262	1237	256	256
7197. 128x128	298	1428	256	256
7584. 128x128	1118	505	256	256
8485. 128x128	82	560	256	256
8857. 128x128	2279	3157	256	256
9895. 128x128	2853	2746	256	256
10166. 128x128	239	138	256	256
10229. 128x128	3248	1346	256	256
10552. 128x128	314	2255	256	256
11398. 128x128	2918	786	256	256
12304. 128x128	1818	159	256	256
13181. 128x128	2768	2660	256	256
13520. 128x128	2768	2660	256	256
14121. 128x128	2247	2345	256	256
14594. 128x128	2134	820	256	256
14918. 128x128	2410	750	256	256
