665. 128x128	3205	1145	256	256
436. 128x128	1504	863	256	256
235. 128x128	3632	1487	256	256
368. 128x128	108	1017	256	256
865. 128x128	2670	2348	256	256
153. 128x128	1121	2861	256	256
161. 128x128	2072	1030	256	256
186. 128x128	1	2256	256	256
2143. 128x128	3638	1329	256	256
2459. 128x128	3153	1704	256	256
2577. 128x128	3029	2505	256	256
2809. 128x128	1041	2217	256	256
2716. 128x128	1837	1040	256	256
3546. 128x128	2086	83	256	256
3912. 128x128	67	1209	256	256
4269. 128x128	942	2837	256	256
4403. 128x128	1574	3277	256	256
4122. 128x128	95	378	256	256
5025. 128x128	1953	3252	256	256
6196. 128x128	1404	1539	256	256
6790. 128x128	1850	825	256	256
6680. 128x128	3543	3081	256	256
6877. 128x128	866	78	256	256
6988. 128x128	998	254	256	256
9372. 128x128	3548	1296	256	256
9458. 128x128	712	1196	256	256
9462. 128x128	688	54	256	256
9649. 128x128	1019	3442	256	256
9991. 128x128	1998	1223	256	256
9959. 128x128	467	191	256	256
10886. 128x128	1982	3096	256	256
10960. 128x128	2678	937	256	256
11189. 128x128	2282	2165	256	256
11438. 128x128	318	1613	256	256
11542. 128x128	318	1613	256	256
11649. 128x128	2841	1700	256	256
12026. 128x128	3469	130	256	256
12060. 128x128	3337	481	256	256
12153. 128x128	3469	130	256	256
12187. 128x128	3337	481	256	256
12518. 128x128	2471	1389	256	256
12814. 128x128	2471	1389	256	256
13696. 128x128	2773	3465	256	256
14258. 128x128	863	1387	256	256
14501. 128x128	3089	3047	256	256
14558. 128x128	2333	964	256	256
14587. 128x128	2581	767	256	256
14941. 128x128	3471	582	256	256
