133. 128x128	280	1358	256	256
892. 128x128	596	502	256	256
313. 128x128	82	948	256	256
1222. 128x128	1844	2674	256	256
3393. 128x128	2068	258	256	256
3962. 128x128	2270	197	256	256
4330. 128x128	3798	2360	256	256
4754. 128x128	3388	2994	256	256
5320. 128x128	679	2784	256	256
6557. 128x128	1745	2960	256	256
7264. 128x128	3040	182	256	256
7295. 128x128	665	1222	256	256
7578. 128x128	2028	790	256	256
8601. 128x128	3713	3411	256	256
8659. 128x128	1365	2926	256	256
9446. 128x128	3060	1319	256	256
10159. 128x128	1019	613	256	256
10189. 128x128	1889	3437	256	256
11412. 128x128	3739	2739	256	256
13064. 128x128	1484	2240	256	256
13176. 128x128	2774	1958	256	256
13515. 128x128	2774	1958	256	256
13467. 128x128	1688	1595	256	256
13631. 128x128	133	619	256	256
13766. 128x128	2525	402	256	256
14153. 128x128	2707	3755	256	256
14394. 128x128	374	2202	256	256
14480. 128x128	1701	2979	256	256
15242. 128x128	1417	1709	256	256
