393. 128x128	315	861	256	256
228. 128x128	1704	3500	256	256
389. 128x128	581	177	256	256
885. 128x128	2519	1968	256	256
1352. 128x128	3362	3473	256	256
1420. 128x128	1328	49	256	256
1852. 128x128	3605	582	256	256
2704. 128x128	2187	3242	256	256
3027. 128x128	3818	94	256	256
2927. 128x128	3785	3801	256	256
3687. 128x128	3283	1478	256	256
4383. 128x128	2822	1264	256	256
5970. 128x128	3604	1705	256	256
6865. 128x128	3060	311	256	256
8020. 128x128	432	2397	256	256
9656. 128x128	145	1404	256	256
9564. 128x128	651	3523	256	256
9728. 128x128	34	2308	256	256
10707. 128x128	3183	2671	256	256
11428. 128x128	2417	2981	256	256
11792. 128x128	3462	815	256	256
12340. 128x128	3030	1122	256	256
12359. 128x128	1058	900	256	256
14034. 128x128	176	3710	256	256
14416. 128x128	2048	115	256	256
14553. 128x128	847	3536	256	256
