704. 128x128	3305	2176	256	256
1069. 128x128	2979	2264	256	256
1181. 128x128	1420	3260	256	256
1166. 128x128	902	146	256	256
4557. 128x128	1096	909	256	256
5201. 128x128	3396	804	256	256
6141. 128x128	2322	287	256	256
9394. 128x128	2284	956	256	256
9407. 128x128	3698	299	256	256
10069. 128x128	2202	2946	256	256
10507. 128x128	2629	3590	256	256
10556. 128x128	1393	3528	256	256
12012. 128x128	3271	1237	256	256
12139. 128x128	3271	1237	256	256
13656. 128x128	935	2029	256	256
13930. 128x128	1214	1428	256	256
14014. 128x128	2948	2379	256	256
