181. 128x128	509	869	256	256
1700. 128x128	3051	284	256	256
1451. 128x128	203	1970	256	256
2061. 128x128	2341	937	256	256
2063. 128x128	1308	311	256	256
4149. 128x128	3058	1705	256	256
4595. 128x128	2093	3731	256	256
4491. 128x128	1879	3148	256	256
5282. 128x128	245	3066	256	256
5474. 128x128	1594	2011	256	256
5859. 128x128	2964	401	256	256
7757. 128x128	3232	1572	256	256
9243. 128x128	323	973	256	256
9630. 128x128	2337	597	256	256
10028. 128x128	352	1068	256	256
10268. 128x128	311	869	256	256
12480. 128x128	845	1353	256	256
12784. 128x128	1056	620	256	256
12845. 128x128	3705	2334	256	256
13336. 128x128	2978	2265	256	256
13786. 128x128	3129	1084	256	256
15193. 128x128	566	3667	256	256
15194. 128x128	2885	1358	256	256
15298. 128x128	3218	2691	256	256
15305. 128x128	3175	400	256	256
