685. 128x128	2547	2191	256	256
462. 128x128	3489	2447	256	256
472. 128x128	1084	3584	256	256
1229. 128x128	3738	3022	256	256
1780. 128x128	2783	1221	256	256
2182. 128x128	3687	2405	256	256
2363. 128x128	963	3164	256	256
2619. 128x128	2347	1348	256	256
2850. 128x128	3809	3205	256	256
3500. 128x128	52	3639	256	256
3432. 128x128	1413	168	256	256
4865. 128x128	1876	3441	256	256
5292. 128x128	458	18	256	256
5342. 128x128	3366	1661	256	256
6254. 128x128	1981	3654	256	256
5982. 128x128	3829	964	256	256
7567. 128x128	3517	2010	256	256
7928. 128x128	3728	1227	256	256
7968. 128x128	2082	1571	256	256
8348. 128x128	2297	3264	256	256
8798. 128x128	1526	505	256	256
9538. 128x128	1440	1953	256	256
10254. 128x128	2265	3791	256	256
10574. 128x128	607	3041	256	256
12945. 128x128	1793	1694	256	256
13016. 128x128	1674	1245	256	256
13058. 128x128	2075	1837	256	256
13446. 128x128	3541	666	256	256
13839. 128x128	1550	1809	256	256
14334. 128x128	1013	800	256	256
14588. 128x128	452	516	256	256
14595. 128x128	3616	2443	256	256
15019. 128x128	1077	1804	256	256
