381. 128x128	2701	3479	256	256
1023. 128x128	1940	531	256	256
352. 128x128	402	3067	256	256
149. 128x128	3565	353	256	256
1332. 128x128	1799	913	256	256
1562. 128x128	2543	3732	256	256
2221. 128x128	3244	3228	256	256
4375. 128x128	2099	539	256	256
5263. 128x128	2062	1911	256	256
5635. 128x128	2219	2721	256	256
5901. 128x128	1542	1351	256	256
6207. 128x128	599	1485	256	256
6754. 128x128	2277	1306	256	256
9739. 128x128	365	3510	256	256
9752. 128x128	589	1223	256	256
10979. 128x128	3618	186	256	256
11184. 128x128	94	340	256	256
11188. 128x128	3505	3100	256	256
12892. 128x128	2283	790	256	256
