553. 128x128	2632	3605	256	256
1276. 128x128	1572	2099	256	256
73. 128x128	97	26	256	256
1770. 128x128	2164	3248	256	256
3213. 128x128	1602	2795	256	256
3567. 128x128	1099	1057	256	256
3636. 128x128	3509	2092	256	256
5874. 128x128	440	920	256	256
7516. 128x128	50	1144	256	256
8444. 128x128	1752	3381	256	256
9000. 128x128	2952	2287	256	256
9049. 128x128	1605	498	256	256
9127. 128x128	2999	2708	256	256
9258. 128x128	40	1132	256	256
10581. 128x128	35	1966	256	256
10610. 128x128	3133	1131	256	256
10916. 128x128	1986	1602	256	256
11217. 128x128	1399	3021	256	256
11589. 128x128	3718	3791	256	256
12406. 128x128	2416	3198	256	256
13812. 128x128	3405	2578	256	256
13719. 128x128	1010	242	256	256
14775. 128x128	1029	1297	256	256
