681. 128x128	2776	1533	256	256
233. 128x128	2161	2093	256	256
69. 128x128	3078	1993	256	256
826. 128x128	495	1389	256	256
1372. 128x128	1602	142	256	256
1513. 128x128	3343	655	256	256
1732. 128x128	1437	2448	256	256
2157. 128x128	1578	3742	256	256
3122. 128x128	2280	3005	256	256
3853. 128x128	1796	3039	256	256
4612. 128x128	260	1927	256	256
4626. 128x128	1025	3488	256	256
4693. 128x128	1034	3487	256	256
5313. 128x128	2595	660	256	256
6876. 128x128	640	89	256	256
7365. 128x128	2058	2105	256	256
7711. 128x128	1940	492	256	256
8179. 128x128	185	3578	256	256
8556. 128x128	205	974	256	256
8891. 128x128	3262	215	256	256
9074. 128x128	246	485	256	256
9159. 128x128	3146	772	256	256
9265. 128x128	2564	471	256	256
9399. 128x128	2027	727	256	256
9956. 128x128	2709	602	256	256
10180. 128x128	88	99	256	256
13599. 128x128	1571	92	256	256
14030. 128x128	1658	3112	256	256
14535. 128x128	2530	2273	256	256
14926. 128x128	876	1808	256	256
