320. 128x128	2065	3448	256	256
476. 128x128	2752	2953	256	256
665. 128x128	3205	1145	256	256
1016. 128x128	722	1884	256	256
511. 128x128	1786	203	256	256
1979. 128x128	1188	3818	256	256
2344. 128x128	1824	662	256	256
2377. 128x128	1755	3421	256	256
2853. 128x128	209	656	256	256
3034. 128x128	201	113	256	256
3287. 128x128	2635	1280	256	256
3204. 128x128	2635	1280	256	256
4653. 128x128	1598	2837	256	256
6262. 128x128	403	3164	256	256
6034. 128x128	224	2432	256	256
6129. 128x128	1336	2632	256	256
6301. 128x128	1533	772	256	256
6558. 128x128	3020	1796	256	256
7225. 128x128	3582	3741	256	256
7861. 128x128	3767	679	256	256
7913. 128x128	1665	2399	256	256
8435. 128x128	3358	943	256	256
9149. 128x128	2251	2540	256	256
10516. 128x128	3412	571	256	256
10553. 128x128	1506	1118	256	256
10772. 128x128	2308	1012	256	256
11201. 128x128	3435	2334	256	256
11427. 128x128	1834	2705	256	256
11480. 128x128	528	3562	256	256
11588. 128x128	528	3562	256	256
11775. 128x128	2748	1496	256	256
12296. 128x128	2943	2810	256	256
12581. 128x128	2555	969	256	256
13648. 128x128	3448	507	256	256
14396. 128x128	338	166	256	256
14621. 128x128	2509	1049	256	256
