473. 128x128	1122	2221	256	256
858. 128x128	2108	3517	256	256
1259. 128x128	3511	3250	256	256
494. 128x128	711	1031	256	256
4515. 128x128	3213	2365	256	256
4702. 128x128	8	237	256	256
6600. 128x128	2380	1141	256	256
8751. 128x128	1409	1600	256	256
8714. 128x128	3233	3228	256	256
11650. 128x128	708	2106	256	256
11796. 128x128	902	1634	256	256
11939. 128x128	1560	3642	256	256
13098. 128x128	1921	3284	256	256
13738. 128x128	1323	1549	256	256
14003. 128x128	319	969	256	256
14053. 128x128	904	3618	256	256
15015. 128x128	533	2480	256	256
