441. 128x128	3367	1139	256	256
2609. 128x128	403	1982	256	256
2722. 128x128	2593	3818	256	256
2893. 128x128	3465	3427	256	256
4068. 128x128	2440	3664	256	256
5281. 128x128	1647	309	256	256
6028. 128x128	1487	1333	256	256
6186. 128x128	3137	2850	256	256
6163. 128x128	2260	2006	256	256
8109. 128x128	2279	3179	256	256
8671. 128x128	3369	2026	256	256
10579. 128x128	493	2903	256	256
10855. 128x128	2558	3225	256	256
11115. 128x128	2279	3179	256	256
12497. 128x128	2318	38	256	256
12732. 128x128	2245	3622	256	256
13152. 128x128	3740	3360	256	256
13491. 128x128	3740	3360	256	256
13886. 128x128	1994	2499	256	256
14636. 128x128	3629	3161	256	256
