597. 128x128	2876	3337	256	256
130. 128x128	185	1194	256	256
212. 128x128	683	3759	256	256
1470. 128x128	2548	277	256	256
2368. 128x128	1375	3298	256	256
2763. 128x128	2672	1752	256	256
2767. 128x128	3670	3270	256	256
2934. 128x128	2680	1203	256	256
3083. 128x128	3322	285	256	256
3523. 128x128	2703	2303	256	256
4039. 128x128	3523	1530	256	256
5512. 128x128	1	1062	256	256
5425. 128x128	2320	1692	256	256
5998. 128x128	2648	2791	256	256
7447. 128x128	1137	728	256	256
7215. 128x128	106	1646	256	256
7911. 128x128	2993	2310	256	256
8299. 128x128	1018	3093	256	256
8483. 128x128	424	27	256	256
8925. 128x128	3160	2706	256	256
8975. 128x128	3769	2544	256	256
9202. 128x128	3659	467	256	256
9880. 128x128	1719	3578	256	256
10875. 128x128	1882	325	256	256
12850. 128x128	2702	2622	256	256
13029. 128x128	3041	143	256	256
13045. 128x128	1449	1099	256	256
13598. 128x128	2242	3498	256	256
