439. 128x128	2212	2257	256	256
246. 128x128	2005	2112	256	256
64. 128x128	3612	1825	256	256
2385. 128x128	2123	992	256	256
3749. 128x128	973	1750	256	256
3777. 128x128	441	647	256	256
4134. 128x128	1667	2963	256	256
4731. 128x128	905	2377	256	256
5222. 128x128	2422	180	256	256
5994. 128x128	2544	1947	256	256
6919. 128x128	66	2452	256	256
6751. 128x128	2909	3091	256	256
7925. 128x128	224	834	256	256
9388. 128x128	2563	672	256	256
10590. 128x128	826	1937	256	256
11521. 128x128	3828	832	256	256
11603. 128x128	2407	472	256	256
13097. 128x128	2429	2209	256	256
13111. 128x128	3355	2234	256	256
13196. 128x128	244	1906	256	256
13381. 128x128	2941	2571	256	256
13535. 128x128	244	1906	256	256
14031. 128x128	3003	2952	256	256
14665. 128x128	819	3539	256	256
14839. 128x128	819	3539	256	256
15202. 128x128	673	1809	256	256
14983. 128x128	1826	2716	256	256
