536. 128x128	2566	322	256	256
703. 128x128	1838	2905	256	256
1091. 128x128	2843	1688	256	256
112. 128x128	2802	1119	256	256
125. 128x128	264	1045	256	256
839. 128x128	882	1679	256	256
1428. 128x128	2218	389	256	256
1530. 128x128	282	2700	256	256
2476. 128x128	2618	2269	256	256
3416. 128x128	3805	2749	256	256
3825. 128x128	97	2403	256	256
4049. 128x128	3795	683	256	256
4175. 128x128	3214	2630	256	256
4707. 128x128	3201	3290	256	256
5855. 128x128	1291	947	256	256
7272. 128x128	2327	651	256	256
7511. 128x128	81	274	256	256
7795. 128x128	354	350	256	256
8950. 128x128	2916	1081	256	256
9288. 128x128	3228	1795	256	256
9503. 128x128	3545	3500	256	256
9716. 128x128	3827	1595	256	256
9970. 128x128	1131	109	256	256
10343. 128x128	523	1316	256	256
11482. 128x128	2686	3520	256	256
11590. 128x128	2686	3520	256	256
11890. 128x128	103	310	256	256
12521. 128x128	146	22	256	256
12551. 128x128	2042	705	256	256
13167. 128x128	672	2781	256	256
13506. 128x128	672	2781	256	256
13687. 128x128	3700	849	256	256
13924. 128x128	2367	2134	256	256
14048. 128x128	984	1529	256	256
14332. 128x128	1806	653	256	256
14931. 128x128	240	2626	256	256
