29. 128x128	153	3506	256	256
2362. 128x128	58	2970	256	256
5491. 128x128	2021	2758	256	256
6552. 128x128	2683	641	256	256
7287. 128x128	1398	731	256	256
7220. 128x128	3619	3571	256	256
7617. 128x128	1148	1419	256	256
8123. 128x128	1198	3042	256	256
9263. 128x128	3325	223	256	256
9469. 128x128	403	1687	256	256
10046. 128x128	901	3207	256	256
10274. 128x128	1134	2291	256	256
10285. 128x128	764	1223	256	256
10492. 128x128	1000	2942	256	256
11129. 128x128	1198	3042	256	256
11381. 128x128	3295	867	256	256
11416. 128x128	3644	2457	256	256
12672. 128x128	1433	1024	256	256
13735. 128x128	1784	3835	256	256
