582. 128x128	656	3763	256	256
744. 128x128	3407	3173	256	256
2052. 128x128	1294	483	256	256
2382. 128x128	1086	3329	256	256
2653. 128x128	1836	2961	256	256
2694. 128x128	1371	2620	256	256
3071. 128x128	806	3268	256	256
3928. 128x128	2936	2945	256	256
4892. 128x128	3248	2016	256	256
7101. 128x128	3301	2882	256	256
7794. 128x128	3035	1266	256	256
8952. 128x128	2628	408	256	256
11219. 128x128	1172	3202	256	256
11253. 128x128	2274	3184	256	256
11973. 128x128	1487	5	256	256
13158. 128x128	576	2164	256	256
13214. 128x128	3560	3331	256	256
13497. 128x128	576	2164	256	256
13553. 128x128	3560	3331	256	256
14196. 128x128	1786	2775	256	256
