270. 128x128	2313	2192	256	256
2492. 128x128	1723	201	256	256
2531. 128x128	336	554	256	256
3340. 128x128	161	3407	256	256
3509. 128x128	290	2293	256	256
4314. 128x128	285	874	256	256
4768. 128x128	69	796	256	256
4692. 128x128	2683	2539	256	256
5103. 128x128	2090	1704	256	256
6037. 128x128	3306	3228	256	256
6494. 128x128	1279	501	256	256
7172. 128x128	580	2582	256	256
9139. 128x128	807	702	256	256
9855. 128x128	1872	2744	256	256
10449. 128x128	655	2447	256	256
12136. 128x128	129	630	256	256
12263. 128x128	129	630	256	256
12993. 128x128	3263	585	256	256
13053. 128x128	2170	3266	256	256
13212. 128x128	1075	956	256	256
13379. 128x128	3104	1007	256	256
13551. 128x128	1075	956	256	256
14069. 128x128	3280	1287	256	256
14995. 128x128	3419	2126	256	256
