211. 128x128	3562	2311	256	256
1395. 128x128	1308	2106	256	256
3039. 128x128	3248	3196	256	256
3451. 128x128	1982	2568	256	256
3601. 128x128	1163	2966	256	256
3893. 128x128	3671	1815	256	256
3985. 128x128	688	3567	256	256
4342. 128x128	2918	3638	256	256
4489. 128x128	2362	777	256	256
4956. 128x128	2533	2713	256	256
5389. 128x128	245	1138	256	256
6278. 128x128	403	2996	256	256
6371. 128x128	3707	1917	256	256
6438. 128x128	1994	1117	256	256
7060. 128x128	362	3717	256	256
8762. 128x128	2016	3334	256	256
8893. 128x128	3107	1668	256	256
9035. 128x128	2378	1416	256	256
9294. 128x128	2852	2193	256	256
13249. 128x128	1768	1104	256	256
13588. 128x128	1768	1104	256	256
14205. 128x128	2264	1218	256	256
14291. 128x128	35	252	256	256
14400. 128x128	2485	3556	256	256
