259. 128x128	3706	1341	256	256
465. 128x128	2662	339	256	256
306. 128x128	376	372	256	256
1338. 128x128	1790	1805	256	256
1715. 128x128	622	1836	256	256
2211. 128x128	2668	2599	256	256
3489. 128x128	886	3174	256	256
3494. 128x128	1559	2114	256	256
4029. 128x128	1660	2475	256	256
4464. 128x128	2772	3119	256	256
4784. 128x128	1740	3815	256	256
4476. 128x128	3271	2512	256	256
5305. 128x128	3686	3391	256	256
5579. 128x128	3024	2787	256	256
6236. 128x128	3634	381	256	256
6240. 128x128	1624	1844	256	256
6590. 128x128	1163	2196	256	256
7576. 128x128	1497	2424	256	256
8084. 128x128	2537	334	256	256
8386. 128x128	1205	2818	256	256
8392. 128x128	3120	2858	256	256
9273. 128x128	2307	112	256	256
10359. 128x128	1270	2273	256	256
10802. 128x128	311	511	256	256
10928. 128x128	2564	3792	256	256
11292. 128x128	1475	197	256	256
11750. 128x128	861	3168	256	256
13229. 128x128	1933	3224	256	256
13568. 128x128	1933	3224	256	256
13977. 128x128	3082	2739	256	256
14086. 128x128	2765	1543	256	256
14985. 128x128	223	682	256	256
15016. 128x128	3387	771	256	256
