508. 128x128	3706	1453	256	256
365. 128x128	330	1817	256	256
124. 128x128	147	2323	256	256
1563. 128x128	2906	952	256	256
2088. 128x128	2611	1905	256	256
2833. 128x128	923	939	256	256
2931. 128x128	2406	852	256	256
3715. 128x128	821	2707	256	256
5118. 128x128	2944	1067	256	256
5488. 128x128	2965	43	256	256
5722. 128x128	3523	131	256	256
5764. 128x128	433	902	256	256
6095. 128x128	1987	954	256	256
6956. 128x128	389	1929	256	256
7610. 128x128	1451	1675	256	256
8091. 128x128	1150	402	256	256
8306. 128x128	3591	1158	256	256
8313. 128x128	1761	2737	256	256
8576. 128x128	607	944	256	256
9819. 128x128	762	2850	256	256
9841. 128x128	2773	272	256	256
9912. 128x128	3769	2002	256	256
10143. 128x128	3593	2875	256	256
10544. 128x128	2445	515	256	256
10586. 128x128	3559	3081	256	256
11097. 128x128	1150	402	256	256
11970. 128x128	3693	558	256	256
14347. 128x128	759	2800	256	256
14456. 128x128	2162	1652	256	256
