184. 128x128	952	288	256	256
903. 128x128	639	3112	256	256
1223. 128x128	1628	503	256	256
1159. 128x128	1320	3104	256	256
1859. 128x128	3748	995	256	256
2003. 128x128	103	987	256	256
2869. 128x128	1090	143	256	256
2735. 128x128	1119	256	256	256
2708. 128x128	1312	2420	256	256
5108. 128x128	2326	3019	256	256
5860. 128x128	1766	2000	256	256
6334. 128x128	3345	2350	256	256
6968. 128x128	2827	3631	256	256
7372. 128x128	1358	2841	256	256
7906. 128x128	2778	1223	256	256
9017. 128x128	3580	1543	256	256
11303. 128x128	382	1864	256	256
11882. 128x128	1678	754	256	256
12092. 128x128	3009	3583	256	256
12219. 128x128	3009	3583	256	256
12477. 128x128	3354	2740	256	256
13258. 128x128	1652	2350	256	256
13421. 128x128	3449	2123	256	256
13639. 128x128	2661	3602	256	256
13789. 128x128	2131	1849	256	256
14498. 128x128	2469	1554	256	256
14810. 128x128	3819	1542	256	256
