535. 128x128	2583	753	256	256
7. 128x128	3478	1473	256	256
1734. 128x128	3502	697	256	256
2493. 128x128	66	1237	256	256
3251. 128x128	1737	1002	256	256
3456. 128x128	1918	2703	256	256
3965. 128x128	11	1706	256	256
4457. 128x128	3066	1444	256	256
5719. 128x128	3077	236	256	256
6943. 128x128	3337	3713	256	256
7127. 128x128	225	2762	256	256
8097. 128x128	1825	1674	256	256
8996. 128x128	3102	3633	256	256
9688. 128x128	2987	2253	256	256
11103. 128x128	1825	1674	256	256
11343. 128x128	3305	2433	256	256
11955. 128x128	2344	952	256	256
12686. 128x128	3025	1112	256	256
12847. 128x128	2042	705	256	256
13428. 128x128	2182	2229	256	256
13676. 128x128	902	3202	256	256
