143. 128x128	949	31	256	256
1034. 128x128	1871	3086	256	256
1774. 128x128	124	25	256	256
2122. 128x128	1188	1929	256	256
2231. 128x128	3114	386	256	256
2597. 128x128	149	2016	256	256
2962. 128x128	640	650	256	256
3114. 128x128	3038	2547	256	256
3219. 128x128	1891	3437	256	256
3590. 128x128	34	1164	256	256
4924. 128x128	3134	2104	256	256
6309. 128x128	1006	3420	256	256
6324. 128x128	136	3455	256	256
7249. 128x128	639	58	256	256
8954. 128x128	3520	1366	256	256
9302. 128x128	2024	147	256	256
9836. 128x128	3511	1430	256	256
10129. 128x128	3593	872	256	256
10656. 128x128	3783	3698	256	256
11686. 128x128	2012	1514	256	256
12768. 128x128	3722	3421	256	256
12911. 128x128	1611	1198	256	256
14315. 128x128	3184	2726	256	256
