203. 128x128	2333	2304	256	256
437. 128x128	3738	1046	256	256
286. 128x128	28	3407	256	256
541. 128x128	3693	1462	256	256
1818. 128x128	1636	3683	256	256
2433. 128x128	3586	23	256	256
2738. 128x128	754	1531	256	256
2907. 128x128	3372	3736	256	256
4302. 128x128	2599	3468	256	256
4437. 128x128	399	2950	256	256
5524. 128x128	1567	558	256	256
5673. 128x128	892	1771	256	256
5924. 128x128	489	564	256	256
6689. 128x128	2905	1805	256	256
6898. 128x128	2871	1107	256	256
8876. 128x128	3352	1564	256	256
9994. 128x128	1307	2772	256	256
10237. 128x128	2443	1939	256	256
11299. 128x128	3594	389	256	256
11513. 128x128	907	2662	256	256
11624. 128x128	907	2662	256	256
