571. 128x128	3466	1649	256	256
689. 128x128	2809	3542	256	256
1100. 128x128	863	8	256	256
157. 128x128	1077	1210	256	256
2572. 128x128	2620	80	256	256
3022. 128x128	956	2453	256	256
2968. 128x128	1667	1569	256	256
4716. 128x128	558	1781	256	256
5013. 128x128	3358	1385	256	256
5067. 128x128	3612	2958	256	256
5825. 128x128	1786	1517	256	256
6789. 128x128	338	1867	256	256
7005. 128x128	295	710	256	256
8051. 128x128	3655	2924	256	256
10876. 128x128	415	3693	256	256
11056. 128x128	3655	2924	256	256
11653. 128x128	2712	3573	256	256
12598. 128x128	3282	14	256	256
13161. 128x128	1538	1440	256	256
13500. 128x128	1538	1440	256	256
14536. 128x128	2612	286	256	256
14540. 128x128	2732	3834	256	256
14889. 128x128	474	2395	256	256
15269. 128x128	1342	835	256	256
