149. 128x128	3565	353	256	256
832. 128x128	3421	3747	256	256
2603. 128x128	2809	3587	256	256
3420. 128x128	3144	3730	256	256
4650. 128x128	3814	800	256	256
4482. 128x128	1759	1881	256	256
5244. 128x128	2840	3754	256	256
5863. 128x128	221	3752	256	256
5946. 128x128	2497	2710	256	256
8769. 128x128	262	1486	256	256
8664. 128x128	1607	3421	256	256
9605. 128x128	1929	3607	256	256
11875. 128x128	3079	2010	256	256
12366. 128x128	3367	3023	256	256
12391. 128x128	1444	196	256	256
14634. 128x128	1017	3363	256	256
