247. 128x128	2497	2147	256	256
521. 128x128	2850	272	256	256
1846. 128x128	3421	3046	256	256
1854. 128x128	3525	3696	256	256
2456. 128x128	3429	708	256	256
2473. 128x128	939	1154	256	256
2022. 128x128	3611	3115	256	256
2842. 128x128	170	506	256	256
3438. 128x128	1824	1500	256	256
4347. 128x128	1325	2087	256	256
4920. 128x128	2894	2298	256	256
5503. 128x128	2350	1899	256	256
5412. 128x128	372	1529	256	256
5348. 128x128	952	2840	256	256
5749. 128x128	869	3239	256	256
6470. 128x128	238	96	256	256
7140. 128x128	2306	3767	256	256
8568. 128x128	303	3566	256	256
10912. 128x128	609	1254	256	256
12097. 128x128	2542	3516	256	256
12224. 128x128	2542	3516	256	256
12435. 128x128	3271	1322	256	256
13706. 128x128	1856	1620	256	256
13993. 128x128	3383	292	256	256
14188. 128x128	2152	1525	256	256
14878. 128x128	3072	3632	256	256
