579. 128x128	3610	1573	256	256
1120. 128x128	2509	2594	256	256
1844. 128x128	3341	2003	256	256
1763. 128x128	2304	3325	256	256
2215. 128x128	1570	2132	256	256
2789. 128x128	575	3393	256	256
3502. 128x128	2991	1673	256	256
3530. 128x128	386	133	256	256
4863. 128x128	2227	2879	256	256
5154. 128x128	1235	1150	256	256
6178. 128x128	1791	3589	256	256
6684. 128x128	457	2771	256	256
6963. 128x128	3525	3573	256	256
8344. 128x128	354	825	256	256
9499. 128x128	824	3602	256	256
9561. 128x128	608	780	256	256
10744. 128x128	3222	1925	256	256
11384. 128x128	2008	3490	256	256
11756. 128x128	1439	2231	256	256
11951. 128x128	1398	1405	256	256
11956. 128x128	3802	3202	256	256
13209. 128x128	3395	1526	256	256
13548. 128x128	3395	1526	256	256
14362. 128x128	1256	137	256	256
14952. 128x128	3089	1308	256	256
15070. 128x128	2862	1048	256	256
15270. 128x128	2848	1772	256	256
