163. 128x128	2574	3401	256	256
1209. 128x128	1398	3641	256	256
975. 128x128	1838	3621	256	256
2403. 128x128	2911	375	256	256
2709. 128x128	481	1107	256	256
4422. 128x128	2206	2083	256	256
4636. 128x128	1982	3114	256	256
5307. 128x128	325	2262	256	256
5666. 128x128	3291	1457	256	256
6029. 128x128	1977	1764	256	256
6100. 128x128	1252	3785	256	256
7031. 128x128	1056	2800	256	256
8255. 128x128	2300	3307	256	256
8615. 128x128	1115	3766	256	256
8999. 128x128	1571	3714	256	256
9371. 128x128	1317	879	256	256
9306. 128x128	245	1110	256	256
9222. 128x128	2453	2955	256	256
10478. 128x128	872	3177	256	256
10483. 128x128	101	2030	256	256
10654. 128x128	2912	2424	256	256
10757. 128x128	1812	49	256	256
10851. 128x128	1119	3222	256	256
11007. 128x128	3642	1095	256	256
13000. 128x128	2230	1581	256	256
13082. 128x128	1906	789	256	256
13164. 128x128	1459	3682	256	256
13422. 128x128	2745	1824	256	256
13349. 128x128	1419	1615	256	256
13503. 128x128	1459	3682	256	256
13591. 128x128	2330	2700	256	256
13813. 128x128	1771	909	256	256
13848. 128x128	594	1039	256	256
13967. 128x128	2645	1732	256	256
14413. 128x128	306	636	256	256
14604. 128x128	3480	2361	256	256
14612. 128x128	3084	292	256	256
