428. 128x128	2847	339	256	256
691. 128x128	3503	1529	256	256
405. 128x128	1622	874	256	256
529. 128x128	2421	853	256	256
828. 128x128	3485	179	256	256
1006. 128x128	135	2566	256	256
1376. 128x128	745	3349	256	256
1412. 128x128	2132	615	256	256
1475. 128x128	182	12	256	256
1720. 128x128	3211	503	256	256
2814. 128x128	1244	1147	256	256
2947. 128x128	1601	2387	256	256
3463. 128x128	1083	1031	256	256
4356. 128x128	943	201	256	256
4463. 128x128	1727	439	256	256
5048. 128x128	3210	3013	256	256
5631. 128x128	3814	149	256	256
6293. 128x128	2679	424	256	256
7044. 128x128	255	2373	256	256
7483. 128x128	124	3421	256	256
8314. 128x128	2296	3051	256	256
8270. 128x128	3812	35	256	256
10289. 128x128	1532	2997	256	256
10651. 128x128	2361	1148	256	256
10991. 128x128	3832	3112	256	256
12115. 128x128	3133	3266	256	256
12242. 128x128	3133	3266	256	256
12390. 128x128	3568	1290	256	256
12548. 128x128	687	2965	256	256
12844. 128x128	687	2965	256	256
13030. 128x128	576	2058	256	256
13638. 128x128	2928	986	256	256
14038. 128x128	3822	1663	256	256
15225. 128x128	3559	2303	256	256
15144. 128x128	3575	2312	256	256
