415. 128x128	3260	398	256	256
192. 128x128	2654	750	256	256
1546. 128x128	2225	1805	256	256
1954. 128x128	1786	3736	256	256
3133. 128x128	1664	1081	256	256
4794. 128x128	2164	741	256	256
5007. 128x128	769	2502	256	256
6231. 128x128	3444	3158	256	256
6479. 128x128	1705	972	256	256
7025. 128x128	1888	2320	256	256
7989. 128x128	2710	2156	256	256
8445. 128x128	1314	933	256	256
8863. 128x128	716	1543	256	256
8873. 128x128	7	290	256	256
9092. 128x128	1337	2873	256	256
9118. 128x128	1617	3246	256	256
9570. 128x128	3661	1976	256	256
9798. 128x128	605	3418	256	256
11849. 128x128	384	2378	256	256
12996. 128x128	2043	511	256	256
13061. 128x128	3722	1015	256	256
13118. 128x128	2800	2002	256	256
13194. 128x128	1958	1490	256	256
13392. 128x128	856	77	256	256
13533. 128x128	1958	1490	256	256
13616. 128x128	769	1560	256	256
13785. 128x128	924	961	256	256
13978. 128x128	2719	718	256	256
15199. 128x128	2526	1030	256	256
