673. 128x128	585	2567	256	256
226. 128x128	2624	3820	256	256
1944. 128x128	1573	998	256	256
2935. 128x128	1382	3167	256	256
3373. 128x128	1256	464	256	256
4285. 128x128	1899	722	256	256
5436. 128x128	331	1801	256	256
5655. 128x128	763	1626	256	256
5603. 128x128	531	705	256	256
6251. 128x128	1615	175	256	256
5820. 128x128	940	3263	256	256
6031. 128x128	3596	252	256	256
6916. 128x128	1209	168	256	256
7397. 128x128	2648	1327	256	256
7639. 128x128	2176	1270	256	256
7674. 128x128	1031	847	256	256
8813. 128x128	2478	3260	256	256
10498. 128x128	1947	3574	256	256
11703. 128x128	2923	496	256	256
11623. 128x128	2852	1678	256	256
12625. 128x128	3657	3197	256	256
13175. 128x128	3503	1891	256	256
13514. 128x128	3503	1891	256	256
13936. 128x128	2389	306	256	256
14654. 128x128	661	1785	256	256
14828. 128x128	661	1785	256	256
