318. 128x128	2124	945	256	256
629. 128x128	346	245	256	256
1830. 128x128	2059	792	256	256
2240. 128x128	2351	2755	256	256
2121. 128x128	3345	2581	256	256
2645. 128x128	75	3160	256	256
2723. 128x128	3371	3681	256	256
3343. 128x128	3374	2709	256	256
4882. 128x128	385	1329	256	256
6769. 128x128	3064	1453	256	256
7629. 128x128	3696	370	256	256
8373. 128x128	1029	1176	256	256
9898. 128x128	2718	832	256	256
10108. 128x128	569	2586	256	256
10169. 128x128	3441	1582	256	256
10206. 128x128	2757	2622	256	256
10382. 128x128	3437	2348	256	256
10813. 128x128	111	117	256	256
11688. 128x128	1784	264	256	256
13013. 128x128	1460	1452	256	256
13032. 128x128	2666	1043	256	256
13315. 128x128	3416	3711	256	256
14493. 128x128	786	3236	256	256
