146. 128x128	2411	1472	256	256
421. 128x128	3419	2202	256	256
899. 128x128	3544	5	256	256
1158. 128x128	3817	2098	256	256
1741. 128x128	2698	647	256	256
3236. 128x128	1646	398	256	256
4807. 128x128	3079	2539	256	256
4953. 128x128	457	2276	256	256
5402. 128x128	3269	1311	256	256
6404. 128x128	292	2196	256	256
6741. 128x128	1391	1593	256	256
6556. 128x128	1238	2215	256	256
7263. 128x128	1425	1396	256	256
7338. 128x128	235	1172	256	256
7568. 128x128	3758	3154	256	256
9212. 128x128	2522	3749	256	256
10647. 128x128	532	2463	256	256
10999. 128x128	2050	1272	256	256
11214. 128x128	3346	1357	256	256
11809. 128x128	1699	968	256	256
12538. 128x128	2220	3035	256	256
12673. 128x128	3111	2200	256	256
12834. 128x128	2220	3035	256	256
15041. 128x128	3632	2975	256	256
15111. 128x128	451	1423	256	256
15179. 128x128	3434	1647	256	256
