223. 128x128	2912	2950	256	256
598. 128x128	2449	3831	256	256
1220. 128x128	2078	3780	256	256
1824. 128x128	3811	721	256	256
2160. 128x128	637	3407	256	256
2774. 128x128	939	767	256	256
2804. 128x128	669	89	256	256
2975. 128x128	726	2572	256	256
3425. 128x128	285	542	256	256
4151. 128x128	2024	3594	256	256
4536. 128x128	3010	3824	256	256
4620. 128x128	1587	84	256	256
4522. 128x128	335	319	256	256
5432. 128x128	3170	1686	256	256
6116. 128x128	3406	3741	256	256
6755. 128x128	2119	1046	256	256
7525. 128x128	2691	2992	256	256
7530. 128x128	1763	2671	256	256
7589. 128x128	2959	3763	256	256
7715. 128x128	1516	119	256	256
8140. 128x128	2208	1883	256	256
8673. 128x128	1044	956	256	256
9341. 128x128	2244	2255	256	256
10447. 128x128	3052	3807	256	256
10469. 128x128	2100	2518	256	256
10577. 128x128	1425	3247	256	256
10804. 128x128	1031	1251	256	256
10857. 128x128	1422	3406	256	256
10992. 128x128	2609	2236	256	256
11223. 128x128	2872	2250	256	256
11146. 128x128	2208	1883	256	256
11178. 128x128	878	1131	256	256
11446. 128x128	2514	1251	256	256
11552. 128x128	2514	1251	256	256
11924. 128x128	749	474	256	256
12476. 128x128	560	2265	256	256
14116. 128x128	3762	3735	256	256
14462. 128x128	1728	3781	256	256
