634. 128x128	2670	3543	256	256
13. 128x128	367	623	256	256
1252. 128x128	1002	3715	256	256
105. 128x128	2918	2323	256	256
190. 128x128	2751	1956	256	256
1903. 128x128	3526	2691	256	256
2458. 128x128	1744	1220	256	256
2002. 128x128	3002	821	256	256
3724. 128x128	1639	813	256	256
3918. 128x128	2586	430	256	256
4032. 128x128	2292	3214	256	256
3948. 128x128	3226	661	256	256
3952. 128x128	1098	1702	256	256
4844. 128x128	705	1372	256	256
4932. 128x128	3496	769	256	256
6064. 128x128	647	2302	256	256
6477. 128x128	1531	314	256	256
7178. 128x128	1510	726	256	256
7294. 128x128	712	550	256	256
7763. 128x128	2998	2156	256	256
8665. 128x128	813	732	256	256
9944. 128x128	692	133	256	256
10872. 128x128	3720	1244	256	256
12331. 128x128	3381	1843	256	256
12700. 128x128	1229	639	256	256
13808. 128x128	844	1290	256	256
14009. 128x128	3347	2201	256	256
14989. 128x128	3739	656	256	256
