667. 128x128	624	2861	256	256
225. 128x128	1576	3452	256	256
1061. 128x128	3089	2178	256	256
739. 128x128	2104	2813	256	256
1494. 128x128	3740	785	256	256
2608. 128x128	3334	2016	256	256
3281. 128x128	1421	1601	256	256
3672. 128x128	2983	671	256	256
5318. 128x128	839	335	256	256
5270. 128x128	3003	3523	256	256
5551. 128x128	3449	321	256	256
5591. 128x128	3529	949	256	256
6297. 128x128	1771	544	256	256
7076. 128x128	2678	2364	256	256
7434. 128x128	3620	1693	256	256
7846. 128x128	299	1365	256	256
8073. 128x128	686	346	256	256
8304. 128x128	1688	669	256	256
8606. 128x128	617	2664	256	256
8559. 128x128	896	3514	256	256
8566. 128x128	463	3459	256	256
8861. 128x128	475	1001	256	256
8888. 128x128	1643	1020	256	256
9233. 128x128	2118	2403	256	256
9788. 128x128	1136	2106	256	256
10020. 128x128	2100	1334	256	256
10443. 128x128	257	1150	256	256
10580. 128x128	2956	2972	256	256
10867. 128x128	3473	3623	256	256
11079. 128x128	686	346	256	256
11011. 128x128	3827	3410	256	256
12341. 128x128	2946	2052	256	256
13019. 128x128	1192	2760	256	256
13035. 128x128	104	371	256	256
13057. 128x128	1582	999	256	256
13265. 128x128	3462	763	256	256
13700. 128x128	3434	1150	256	256
13961. 128x128	297	2601	256	256
