672. 128x128	3456	996	256	256
3172. 128x128	808	3644	256	256
3255. 128x128	808	3644	256	256
4097. 128x128	2463	2664	256	256
4562. 128x128	1901	2798	256	256
4685. 128x128	1255	502	256	256
4789. 128x128	651	1597	256	256
6170. 128x128	2376	2920	256	256
7163. 128x128	759	3114	256	256
7366. 128x128	1731	1509	256	256
7393. 128x128	2203	2926	256	256
7915. 128x128	514	1500	256	256
8170. 128x128	899	3388	256	256
8250. 128x128	1307	326	256	256
8864. 128x128	766	3422	256	256
9441. 128x128	2429	3832	256	256
9747. 128x128	941	2188	256	256
10033. 128x128	161	3036	256	256
13281. 128x128	3346	44	256	256
13447. 128x128	3666	1957	256	256
