705. 128x128	2987	744	256	256
296. 128x128	231	388	256	256
616. 128x128	573	3563	256	256
194. 128x128	2972	2411	256	256
551. 128x128	3445	700	256	256
1431. 128x128	961	2578	256	256
1519. 128x128	3405	783	256	256
2164. 128x128	2682	3387	256	256
2550. 128x128	2444	787	256	256
3375. 128x128	2274	3170	256	256
3758. 128x128	3716	1862	256	256
3956. 128x128	2979	1377	256	256
4159. 128x128	3609	3250	256	256
5662. 128x128	1645	2015	256	256
5705. 128x128	2098	3836	256	256
6563. 128x128	2140	2173	256	256
7181. 128x128	2142	2686	256	256
7782. 128x128	3279	1440	256	256
7941. 128x128	1498	1062	256	256
8818. 128x128	678	3095	256	256
8889. 128x128	1087	739	256	256
9175. 128x128	2382	3541	256	256
9516. 128x128	2777	464	256	256
9522. 128x128	2701	301	256	256
10614. 128x128	1061	2175	256	256
12563. 128x128	164	2509	256	256
12645. 128x128	1142	404	256	256
13851. 128x128	1962	1744	256	256
14002. 128x128	2792	2161	256	256
14974. 128x128	2876	956	256	256
15347. 128x128	2559	3234	256	256
