680. 128x128	1096	3490	256	256
643. 128x128	3358	2753	256	256
323. 128x128	653	38	256	256
1932. 128x128	1190	259	256	256
2001. 128x128	2330	525	256	256
2750. 128x128	513	3073	256	256
2697. 128x128	2680	1569	256	256
5438. 128x128	1922	2606	256	256
7199. 128x128	487	2660	256	256
7233. 128x128	217	121	256	256
9565. 128x128	3010	787	256	256
10608. 128x128	2072	109	256	256
10966. 128x128	1753	1028	256	256
11335. 128x128	323	2696	256	256
11354. 128x128	2499	1495	256	256
11869. 128x128	2853	3014	256	256
12056. 128x128	1028	1434	256	256
12183. 128x128	1028	1434	256	256
12288. 128x128	717	671	256	256
13679. 128x128	2272	3484	256	256
14683. 128x128	1299	1404	256	256
14857. 128x128	1299	1404	256	256
15085. 128x128	1882	2851	256	256
