246. 128x128	2005	2112	256	256
93. 128x128	1583	3096	256	256
142. 128x128	3030	706	256	256
1194. 128x128	3155	1798	256	256
1819. 128x128	3064	2673	256	256
2285. 128x128	1757	3106	256	256
2289. 128x128	1729	2946	256	256
2961. 128x128	1057	2426	256	256
3065. 128x128	3444	1879	256	256
3679. 128x128	186	112	256	256
4632. 128x128	3111	2949	256	256
5891. 128x128	1048	2683	256	256
7280. 128x128	2229	892	256	256
8711. 128x128	3634	3523	256	256
11012. 128x128	2380	3786	256	256
11490. 128x128	62	3137	256	256
13121. 128x128	568	1714	256	256
13758. 128x128	1118	3324	256	256
13874. 128x128	740	53	256	256
14249. 128x128	3600	145	256	256
14280. 128x128	3149	939	256	256
14796. 128x128	1375	774	256	256
