330. 128x128	659	167	256	256
118. 128x128	1271	696	256	256
2244. 128x128	2013	1798	256	256
2035. 128x128	941	1040	256	256
2294. 128x128	3782	3351	256	256
3105. 128x128	3123	424	256	256
3076. 128x128	3519	1308	256	256
3316. 128x128	1926	605	256	256
3791. 128x128	3348	640	256	256
4605. 128x128	3030	228	256	256
4834. 128x128	2698	3564	256	256
4877. 128x128	1134	404	256	256
5454. 128x128	3407	2455	256	256
5566. 128x128	3326	2645	256	256
5844. 128x128	329	3346	256	256
7134. 128x128	1123	3071	256	256
7259. 128x128	1963	1002	256	256
8273. 128x128	2023	3194	256	256
8938. 128x128	3766	3408	256	256
10440. 128x128	929	313	256	256
11191. 128x128	2578	3201	256	256
12542. 128x128	496	257	256	256
12559. 128x128	2116	1047	256	256
12425. 128x128	1164	1076	256	256
12979. 128x128	1174	1387	256	256
13894. 128x128	3314	2269	256	256
14355. 128x128	3803	2281	256	256
14504. 128x128	2926	501	256	256
