128. 128x128	860	2718	256	256
1052. 128x128	2834	3728	256	256
1593. 128x128	3718	1158	256	256
2598. 128x128	1985	3469	256	256
3655. 128x128	79	3300	256	256
3600. 128x128	797	1398	256	256
4922. 128x128	755	1092	256	256
5588. 128x128	1870	2621	256	256
6922. 128x128	2513	589	256	256
7514. 128x128	2403	1471	256	256
8272. 128x128	3653	2214	256	256
8881. 128x128	734	1398	256	256
9905. 128x128	3375	1307	256	256
10279. 128x128	2708	3786	256	256
10528. 128x128	830	2386	256	256
10497. 128x128	1807	2849	256	256
12537. 128x128	2139	3294	256	256
12421. 128x128	3098	1665	256	256
12833. 128x128	2139	3294	256	256
13452. 128x128	2230	2837	256	256
14314. 128x128	3510	1769	256	256
14366. 128x128	174	158	256	256
14412. 128x128	472	398	256	256
14666. 128x128	2778	220	256	256
15028. 128x128	3505	2721	256	256
15337. 128x128	3506	676	256	256
