470. 128x128	3064	1310	256	256
1293. 128x128	861	1683	256	256
1406. 128x128	1329	2236	256	256
2571. 128x128	1375	736	256	256
3752. 128x128	2788	2622	256	256
3609. 128x128	2638	242	256	256
4193. 128x128	974	2764	256	256
7664. 128x128	2398	2954	256	256
7666. 128x128	2357	3290	256	256
7849. 128x128	183	3753	256	256
9126. 128x128	2950	2032	256	256
9296. 128x128	1596	661	256	256
10784. 128x128	2795	718	256	256
13123. 128x128	3207	2978	256	256
13314. 128x128	1	3628	256	256
14955. 128x128	2945	1352	256	256
15252. 128x128	3799	499	256	256
