602. 128x128	622	2647	256	256
42. 128x128	1591	3332	256	256
48. 128x128	1082	362	256	256
653. 128x128	3424	3625	256	256
857. 128x128	1173	636	256	256
1267. 128x128	802	2805	256	256
80. 128x128	1530	2071	256	256
513. 128x128	3045	152	256	256
1755. 128x128	2081	1990	256	256
2048. 128x128	2047	1016	256	256
2595. 128x128	3101	2017	256	256
2821. 128x128	3619	2093	256	256
3006. 128x128	212	2968	256	256
3036. 128x128	44	3494	256	256
3378. 128x128	113	1978	256	256
3552. 128x128	814	170	256	256
3634. 128x128	2639	2398	256	256
3642. 128x128	2756	1148	256	256
3836. 128x128	1659	1284	256	256
3837. 128x128	3782	10	256	256
4018. 128x128	1051	639	256	256
4034. 128x128	1790	726	256	256
4722. 128x128	2395	1871	256	256
5303. 128x128	1207	2357	256	256
5691. 128x128	934	1236	256	256
5620. 128x128	467	3407	256	256
5945. 128x128	462	1297	256	256
6469. 128x128	2785	1761	256	256
7191. 128x128	1464	1607	256	256
7572. 128x128	3759	2962	256	256
7645. 128x128	2336	2781	256	256
8105. 128x128	2918	1413	256	256
8211. 128x128	384	3215	256	256
8292. 128x128	2275	954	256	256
8779. 128x128	62	3521	256	256
8520. 128x128	3781	475	256	256
9178. 128x128	2150	994	256	256
9438. 128x128	3682	774	256	256
9555. 128x128	444	946	256	256
10546. 128x128	3089	1137	256	256
11111. 128x128	2918	1413	256	256
11655. 128x128	88	2206	256	256
11664. 128x128	3331	2638	256	256
13833. 128x128	2499	1730	256	256
