319. 128x128	1991	1692	256	256
1411. 128x128	3074	1899	256	256
2460. 128x128	1477	652	256	256
3193. 128x128	1380	2813	256	256
4723. 128x128	1852	2982	256	256
9053. 128x128	3242	686	256	256
9229. 128x128	65	684	256	256
10258. 128x128	3093	1328	256	256
11022. 128x128	633	694	256	256
11251. 128x128	1494	2472	256	256
13410. 128x128	3767	1613	256	256
13424. 128x128	3717	3801	256	256
13330. 128x128	1993	3826	256	256
13796. 128x128	595	735	256	256
14635. 128x128	3032	3156	256	256
15221. 128x128	3173	1370	256	256
