658. 128x128	1580	3490	256	256
748. 128x128	755	568	256	256
117. 128x128	1116	719	256	256
3183. 128x128	2889	2501	256	256
4004. 128x128	1638	2791	256	256
4016. 128x128	2008	1276	256	256
4630. 128x128	1628	2230	256	256
4730. 128x128	3362	2592	256	256
4996. 128x128	1205	2576	256	256
5106. 128x128	547	2092	256	256
5228. 128x128	559	706	256	256
5814. 128x128	972	2500	256	256
6367. 128x128	721	1661	256	256
6323. 128x128	2053	564	256	256
6762. 128x128	759	3342	256	256
7972. 128x128	1101	226	256	256
8608. 128x128	3626	968	256	256
8658. 128x128	1561	3043	256	256
9476. 128x128	445	1264	256	256
10322. 128x128	1368	2875	256	256
10324. 128x128	3181	1211	256	256
10598. 128x128	382	1840	256	256
10657. 128x128	1564	2416	256	256
10781. 128x128	55	1744	256	256
10790. 128x128	384	1885	256	256
10830. 128x128	2957	951	256	256
11271. 128x128	2033	1906	256	256
11813. 128x128	2139	656	256	256
11966. 128x128	423	2387	256	256
12069. 128x128	3605	958	256	256
12196. 128x128	3605	958	256	256
13256. 128x128	680	1425	256	256
14066. 128x128	3771	2630	256	256
14330. 128x128	1751	2865	256	256
15280. 128x128	311	320	256	256
