327. 128x128	3259	754	256	256
776. 128x128	2010	3035	256	256
1059. 128x128	1693	1215	256	256
1729. 128x128	1064	3709	256	256
4566. 128x128	1591	1721	256	256
4880. 128x128	821	2277	256	256
6657. 128x128	708	1795	256	256
6854. 128x128	143	1890	256	256
7307. 128x128	864	1247	256	256
7471. 128x128	2848	2115	256	256
7986. 128x128	3096	2128	256	256
10114. 128x128	456	2342	256	256
9953. 128x128	2016	518	256	256
11413. 128x128	971	33	256	256
12004. 128x128	890	3589	256	256
13149. 128x128	574	1157	256	256
13488. 128x128	574	1157	256	256
14443. 128x128	1255	534	256	256
14533. 128x128	1030	3259	256	256
15112. 128x128	2503	2647	256	256
