225. 128x128	1576	3452	256	256
247. 128x128	2497	2147	256	256
397. 128x128	221	2517	256	256
1275. 128x128	2151	3306	256	256
99. 128x128	337	2231	256	256
503. 128x128	2015	1077	256	256
965. 128x128	2302	28	256	256
989. 128x128	2976	3709	256	256
1832. 128x128	864	2948	256	256
2326. 128x128	999	3691	256	256
2466. 128x128	1459	3518	256	256
1986. 128x128	417	578	256	256
2990. 128x128	1281	113	256	256
3803. 128x128	2542	1362	256	256
4252. 128x128	2951	2965	256	256
5324. 128x128	2504	3176	256	256
5798. 128x128	2441	3093	256	256
6246. 128x128	3493	3597	256	256
6698. 128x128	3160	468	256	256
6842. 128x128	3510	3563	256	256
7062. 128x128	1510	770	256	256
7884. 128x128	1800	910	256	256
10503. 128x128	1930	3679	256	256
11536. 128x128	376	2934	256	256
11790. 128x128	962	1039	256	256
11981. 128x128	3696	609	256	256
13435. 128x128	1640	3278	256	256
14233. 128x128	79	1992	256	256
14662. 128x128	2229	143	256	256
14862. 128x128	3598	781	256	256
