25. 128x128	520	2896	256	256
266. 128x128	2907	2742	256	256
267. 128x128	2267	2356	256	256
2406. 128x128	508	2778	256	256
2489. 128x128	1945	1804	256	256
2495. 128x128	1118	382	256	256
3557. 128x128	823	846	256	256
5624. 128x128	480	1358	256	256
5942. 128x128	773	2006	256	256
6705. 128x128	2172	332	256	256
7480. 128x128	3425	113	256	256
8283. 128x128	1965	3312	256	256
10531. 128x128	847	627	256	256
10934. 128x128	315	2050	256	256
11005. 128x128	2414	812	256	256
12704. 128x128	2319	971	256	256
12889. 128x128	358	2537	256	256
14063. 128x128	2113	536	256	256
14452. 128x128	1581	1281	256	256
14466. 128x128	2245	3091	256	256
14696. 128x128	1046	300	256	256
14871. 128x128	1046	300	256	256
