343. 128x128	3245	17	256	256
329. 128x128	1635	2221	256	256
2659. 128x128	61	27	256	256
3933. 128x128	1946	935	256	256
4378. 128x128	3055	2325	256	256
4512. 128x128	3227	1777	256	256
5661. 128x128	1874	366	256	256
6981. 128x128	1690	397	256	256
7753. 128x128	1321	1964	256	256
8757. 128x128	2304	3403	256	256
8961. 128x128	2913	1304	256	256
11064. 128x128	2980	684	256	256
11213. 128x128	1337	46	256	256
13204. 128x128	1275	902	256	256
13543. 128x128	1275	902	256	256
14237. 128x128	1177	3150	256	256
14238. 128x128	612	2271	256	256
14494. 128x128	2663	3562	256	256
14825. 128x128	2089	2290	256	256
