503. 128x128	2015	1077	256	256
4. 128x128	3623	555	256	256
1088. 128x128	2499	3399	256	256
1964. 128x128	1514	1748	256	256
2762. 128x128	2389	1998	256	256
3608. 128x128	2131	2147	256	256
4078. 128x128	2254	3036	256	256
4209. 128x128	1477	796	256	256
4900. 128x128	2401	2073	256	256
5618. 128x128	1556	3631	256	256
5882. 128x128	534	1650	256	256
7068. 128x128	1214	145	256	256
7126. 128x128	3101	1868	256	256
7596. 128x128	3052	2141	256	256
7912. 128x128	752	99	256	256
8254. 128x128	63	4	256	256
8264. 128x128	2002	1835	256	256
8995. 128x128	2950	3196	256	256
10133. 128x128	1073	2625	256	256
10905. 128x128	2189	113	256	256
11749. 128x128	303	2128	256	256
12627. 128x128	1853	2539	256	256
13081. 128x128	439	3729	256	256
13783. 128x128	646	3517	256	256
13715. 128x128	3655	53	256	256
14082. 128x128	1108	1716	256	256
14254. 128x128	2206	2952	256	256
14631. 128x128	2887	291	256	256
