372. 128x128	461	3787	256	256
895. 128x128	842	380	256	256
1736. 128x128	3326	226	256	256
1608. 128x128	290	2949	256	256
1618. 128x128	1625	166	256	256
2841. 128x128	356	174	256	256
3174. 128x128	1908	2126	256	256
3086. 128x128	1999	1030	256	256
3257. 128x128	1908	2126	256	256
3485. 128x128	3468	1054	256	256
3520. 128x128	3568	39	256	256
4325. 128x128	1389	1278	256	256
4861. 128x128	2304	3702	256	256
6257. 128x128	850	3493	256	256
5899. 128x128	2682	3566	256	256
7299. 128x128	1336	2321	256	256
7542. 128x128	2560	1901	256	256
8321. 128x128	2837	893	256	256
8285. 128x128	812	48	256	256
8644. 128x128	2681	2626	256	256
8991. 128x128	3469	1517	256	256
9409. 128x128	3366	2163	256	256
10732. 128x128	3516	3098	256	256
10844. 128x128	727	2313	256	256
11701. 128x128	1956	1263	256	256
12104. 128x128	2431	2509	256	256
12231. 128x128	2431	2509	256	256
12386. 128x128	3145	1021	256	256
12933. 128x128	1672	2683	256	256
13255. 128x128	1284	2566	256	256
13742. 128x128	2108	1260	256	256
14110. 128x128	1356	142	256	256
15321. 128x128	3303	82	256	256
15340. 128x128	3770	701	256	256
