97. 128x128	1196	705	256	256
464. 128x128	3772	1305	256	256
2637. 128x128	3061	2168	256	256
2675. 128x128	114	1242	256	256
2918. 128x128	594	2403	256	256
3496. 128x128	71	3419	256	256
3883. 128x128	3077	1269	256	256
4308. 128x128	805	946	256	256
4171. 128x128	1351	1222	256	256
4810. 128x128	3033	1526	256	256
4889. 128x128	1363	3429	256	256
6288. 128x128	685	866	256	256
7081. 128x128	3335	2609	256	256
7465. 128x128	3268	2588	256	256
7673. 128x128	1581	270	256	256
8076. 128x128	1520	1455	256	256
8900. 128x128	2110	270	256	256
9664. 128x128	2415	510	256	256
10907. 128x128	1075	580	256	256
11082. 128x128	1520	1455	256	256
14337. 128x128	350	2068	256	256
14393. 128x128	333	489	256	256
14758. 128x128	2388	2673	256	256
14765. 128x128	1780	2505	256	256
15042. 128x128	855	2141	256	256
15114. 128x128	1338	3146	256	256
