706. 128x128	3361	1743	256	256
2283. 128x128	3345	2305	256	256
2522. 128x128	459	3118	256	256
2590. 128x128	2813	3389	256	256
4010. 128x128	405	3468	256	256
4202. 128x128	3829	1551	256	256
4366. 128x128	464	2473	256	256
4840. 128x128	2037	853	256	256
5346. 128x128	2202	3448	256	256
5801. 128x128	2333	328	256	256
6354. 128x128	577	2834	256	256
10676. 128x128	2215	2368	256	256
12032. 128x128	919	2732	256	256
12159. 128x128	919	2732	256	256
12859. 128x128	164	2509	256	256
13713. 128x128	2029	962	256	256
15236. 128x128	2546	2512	256	256
