374. 128x128	2514	245	256	256
425. 128x128	3472	999	256	256
1028. 128x128	2910	2546	256	256
371. 128x128	1024	3517	256	256
2381. 128x128	3329	2770	256	256
3108. 128x128	2691	1631	256	256
5380. 128x128	69	199	256	256
6075. 128x128	3204	1322	256	256
7204. 128x128	1551	2436	256	256
7354. 128x128	2119	396	256	256
7580. 128x128	2913	1039	256	256
7712. 128x128	3425	3763	256	256
7768. 128x128	3573	2213	256	256
9364. 128x128	2154	3692	256	256
9391. 128x128	3646	1130	256	256
12569. 128x128	402	46	256	256
12865. 128x128	402	46	256	256
12931. 128x128	291	2249	256	256
13166. 128x128	561	184	256	256
13505. 128x128	561	184	256	256
14194. 128x128	2960	3072	256	256
14305. 128x128	3617	1323	256	256
