623. 128x128	237	509	256	256
414. 128x128	1991	2047	256	256
927. 128x128	2523	1037	256	256
204. 128x128	574	1917	256	256
3718. 128x128	361	2230	256	256
4218. 128x128	2445	1298	256	256
4274. 128x128	3100	2826	256	256
5430. 128x128	2157	2163	256	256
5915. 128x128	2810	3275	256	256
7300. 128x128	3065	3216	256	256
7446. 128x128	136	2464	256	256
7599. 128x128	1792	1503	256	256
8810. 128x128	3758	3031	256	256
8640. 128x128	1241	1737	256	256
9281. 128x128	1561	2806	256	256
10596. 128x128	573	3552	256	256
11264. 128x128	297	1461	256	256
12396. 128x128	521	2085	256	256
12545. 128x128	806	758	256	256
12841. 128x128	806	758	256	256
13124. 128x128	3653	1136	256	256
13871. 128x128	934	2463	256	256
14346. 128x128	1273	1364	256	256
14607. 128x128	1354	2441	256	256
14651. 128x128	1693	3279	256	256
15226. 128x128	3793	2125	256	256
15050. 128x128	598	625	256	256
15064. 128x128	1685	2311	256	256
15078. 128x128	2848	1694	256	256
15141. 128x128	307	1431	256	256
