152. 128x128	3278	871	256	256
1548. 128x128	603	814	256	256
3647. 128x128	3025	1374	256	256
6164. 128x128	3055	680	256	256
6882. 128x128	2366	2356	256	256
6901. 128x128	2506	2608	256	256
8253. 128x128	1283	2696	256	256
8408. 128x128	864	252	256	256
8865. 128x128	502	1199	256	256
9559. 128x128	732	1859	256	256
11221. 128x128	48	188	256	256
11852. 128x128	1654	1547	256	256
12093. 128x128	2758	3660	256	256
12220. 128x128	2758	3660	256	256
12597. 128x128	1468	1955	256	256
14949. 128x128	3786	1729	256	256
15105. 128x128	993	2427	256	256
