488. 128x128	2186	994	256	256
780. 128x128	702	3193	256	256
853. 128x128	1516	225	256	256
1084. 128x128	3675	1770	256	256
1901. 128x128	382	213	256	256
1943. 128x128	397	3704	256	256
2046. 128x128	658	1480	256	256
2080. 128x128	304	3625	256	256
2790. 128x128	1467	2902	256	256
3028. 128x128	947	2167	256	256
3080. 128x128	1201	2627	256	256
4500. 128x128	2790	1713	256	256
4510. 128x128	394	3451	256	256
4823. 128x128	134	711	256	256
5689. 128x128	2327	3157	256	256
6079. 128x128	278	835	256	256
6787. 128x128	1	1923	256	256
7816. 128x128	3591	2094	256	256
9411. 128x128	1459	519	256	256
9760. 128x128	2025	756	256	256
12910. 128x128	1649	3778	256	256
13657. 128x128	2929	1831	256	256
14035. 128x128	2889	2862	256	256
14312. 128x128	2402	6	256	256
14947. 128x128	3361	768	256	256
