512. 128x128	2775	2752	256	256
1097. 128x128	2554	2411	256	256
3540. 128x128	2564	3432	256	256
4166. 128x128	3033	2767	256	256
6706. 128x128	2148	2922	256	256
6721. 128x128	3013	392	256	256
7167. 128x128	3225	234	256	256
8788. 128x128	1446	1350	256	256
8586. 128x128	3753	711	256	256
9007. 128x128	2942	2114	256	256
10197. 128x128	967	3796	256	256
11766. 128x128	836	1923	256	256
12043. 128x128	1106	605	256	256
12170. 128x128	1106	605	256	256
13270. 128x128	1750	2446	256	256
15295. 128x128	2047	678	256	256
