489. 128x128	557	2847	256	256
896. 128x128	3253	1818	256	256
1227. 128x128	818	3155	256	256
1147. 128x128	2719	738	256	256
1347. 128x128	2216	1758	256	256
5684. 128x128	3022	2713	256	256
5599. 128x128	2904	383	256	256
5933. 128x128	1119	3520	256	256
6172. 128x128	1140	754	256	256
6397. 128x128	3023	148	256	256
6561. 128x128	939	1713	256	256
6848. 128x128	3266	724	256	256
7843. 128x128	958	2806	256	256
7908. 128x128	2381	3571	256	256
8199. 128x128	2506	470	256	256
8969. 128x128	665	1061	256	256
9125. 128x128	1024	1017	256	256
9852. 128x128	1195	1636	256	256
10962. 128x128	3122	3797	256	256
11203. 128x128	296	1604	256	256
12096. 128x128	1479	849	256	256
12109. 128x128	3559	427	256	256
12223. 128x128	1479	849	256	256
12236. 128x128	3559	427	256	256
12622. 128x128	2268	3223	256	256
12683. 128x128	3255	763	256	256
14876. 128x128	1396	931	256	256
