619. 128x128	3095	3025	256	256
46. 128x128	1493	180	256	256
1480. 128x128	91	2102	256	256
1619. 128x128	3666	2779	256	256
2475. 128x128	433	3712	256	256
3312. 128x128	1092	2130	256	256
4259. 128x128	2066	1071	256	256
4830. 128x128	2702	310	256	256
5352. 128x128	560	2516	256	256
6453. 128x128	2257	81	256	256
6466. 128x128	2604	2190	256	256
6883. 128x128	846	3141	256	256
6578. 128x128	3768	2687	256	256
7240. 128x128	2863	1911	256	256
8041. 128x128	678	1112	256	256
7971. 128x128	627	153	256	256
8146. 128x128	2201	3679	256	256
8470. 128x128	1454	3410	256	256
9103. 128x128	1911	835	256	256
9235. 128x128	1264	572	256	256
10011. 128x128	3390	2120	256	256
11046. 128x128	678	1112	256	256
11152. 128x128	2201	3679	256	256
11818. 128x128	1199	1514	256	256
12052. 128x128	1108	3517	256	256
12179. 128x128	1108	3517	256	256
13063. 128x128	1747	2535	256	256
13106. 128x128	476	1926	256	256
13268. 128x128	3400	276	256	256
14119. 128x128	709	2357	256	256
14524. 128x128	1664	2081	256	256
14971. 128x128	3831	50	256	256
