604. 128x128	2329	2305	256	256
1058. 128x128	1322	1081	256	256
553. 128x128	2632	3605	256	256
1890. 128x128	138	2340	256	256
1837. 128x128	1804	496	256	256
1919. 128x128	1566	3081	256	256
2237. 128x128	2861	1058	256	256
2564. 128x128	2923	274	256	256
3015. 128x128	1919	2114	256	256
3169. 128x128	2436	3234	256	256
3082. 128x128	200	108	256	256
2929. 128x128	2308	1780	256	256
3252. 128x128	2436	3234	256	256
3543. 128x128	1784	1322	256	256
3676. 128x128	858	2556	256	256
4137. 128x128	1325	1554	256	256
5468. 128x128	2470	1752	256	256
5723. 128x128	1181	2230	256	256
6221. 128x128	1255	3494	256	256
6135. 128x128	1934	3020	256	256
6780. 128x128	2228	3136	256	256
8802. 128x128	146	2606	256	256
8663. 128x128	3573	2627	256	256
9155. 128x128	2254	1971	256	256
9339. 128x128	3782	3463	256	256
9196. 128x128	1798	3185	256	256
9420. 128x128	2794	971	256	256
9721. 128x128	397	1937	256	256
10078. 128x128	1402	2202	256	256
9962. 128x128	760	2236	256	256
10392. 128x128	1267	1397	256	256
10681. 128x128	1704	2806	256	256
10694. 128x128	3812	736	256	256
12410. 128x128	612	382	256	256
13040. 128x128	3017	957	256	256
13287. 128x128	704	3273	256	256
13868. 128x128	2321	2632	256	256
14721. 128x128	3254	174	256	256
14729. 128x128	2933	1479	256	256
14970. 128x128	2906	679	256	256
14982. 128x128	222	2193	256	256
14999. 128x128	1953	3288	256	256
15159. 128x128	3226	3364	256	256
15342. 128x128	2088	1388	256	256
