698. 128x128	952	3591	256	256
1283. 128x128	2149	3467	256	256
2558. 128x128	3696	442	256	256
3161. 128x128	3050	1697	256	256
4763. 128x128	55	3594	256	256
6292. 128x128	2303	2382	256	256
6507. 128x128	2465	140	256	256
6928. 128x128	2813	1937	256	256
7051. 128x128	945	847	256	256
7910. 128x128	1618	1130	256	256
9335. 128x128	2936	2289	256	256
9941. 128x128	2788	714	256	256
12015. 128x128	3765	193	256	256
12142. 128x128	3765	193	256	256
12922. 128x128	3099	3258	256	256
13022. 128x128	365	3250	256	256
14441. 128x128	231	1658	256	256
14910. 128x128	3552	3673	256	256
15142. 128x128	3681	1296	256	256
15332. 128x128	1764	870	256	256
