618. 128x128	2250	2587	256	256
1021. 128x128	2129	3278	256	256
303. 128x128	1031	2428	256	256
932. 128x128	562	1204	256	256
1423. 128x128	2399	3536	256	256
2611. 128x128	256	3657	256	256
3055. 128x128	1804	2948	256	256
3088. 128x128	1098	2388	256	256
3417. 128x128	491	1412	256	256
5149. 128x128	1174	1991	256	256
5868. 128x128	2794	2760	256	256
5991. 128x128	2945	945	256	256
6425. 128x128	607	2168	256	256
6673. 128x128	3677	2524	256	256
6897. 128x128	2543	1889	256	256
6858. 128x128	2082	1286	256	256
7311. 128x128	921	1969	256	256
7628. 128x128	2214	405	256	256
7700. 128x128	973	1651	256	256
8048. 128x128	2556	2459	256	256
9097. 128x128	2559	1597	256	256
9651. 128x128	1611	3249	256	256
10278. 128x128	2469	3263	256	256
11053. 128x128	2556	2459	256	256
11825. 128x128	3598	184	256	256
12367. 128x128	2362	1592	256	256
12707. 128x128	1379	2112	256	256
12762. 128x128	3014	783	256	256
13346. 128x128	1801	1163	256	256
13622. 128x128	2222	980	256	256
15206. 128x128	2499	1164	256	256
