265. 128x128	3650	1941	256	256
1026. 128x128	1034	869	256	256
815. 128x128	2178	2324	256	256
906. 128x128	1076	2677	256	256
1990. 128x128	2456	3765	256	256
2773. 128x128	2249	3679	256	256
6845. 128x128	1932	1874	256	256
7155. 128x128	558	314	256	256
7312. 128x128	872	727	256	256
7598. 128x128	3090	2323	256	256
9037. 128x128	668	875	256	256
10086. 128x128	881	160	256	256
9928. 128x128	483	1478	256	256
10889. 128x128	2711	3054	256	256
12568. 128x128	2131	555	256	256
14977. 128x128	2987	2995	256	256
