296. 128x128	231	388	256	256
656. 128x128	3024	3139	256	256
597. 128x128	2876	3337	256	256
620. 128x128	2632	3791	256	256
1191. 128x128	583	2793	256	256
1620. 128x128	800	3550	256	256
1953. 128x128	560	69	256	256
2050. 128x128	2614	204	256	256
2343. 128x128	1682	1524	256	256
2079. 128x128	263	1681	256	256
2005. 128x128	2808	1655	256	256
2370. 128x128	685	3565	256	256
3348. 128x128	902	3686	256	256
3578. 128x128	2076	1712	256	256
4054. 128x128	1598	2618	256	256
4773. 128x128	2439	3537	256	256
5587. 128x128	2637	463	256	256
5840. 128x128	3835	2787	256	256
7698. 128x128	283	175	256	256
7787. 128x128	683	3706	256	256
7853. 128x128	3522	1375	256	256
8047. 128x128	3773	3578	256	256
8049. 128x128	659	2410	256	256
8588. 128x128	324	866	256	256
9556. 128x128	3423	2393	256	256
10008. 128x128	3011	3403	256	256
10511. 128x128	2921	3088	256	256
10819. 128x128	922	2556	256	256
11052. 128x128	3773	3578	256	256
11054. 128x128	659	2410	256	256
11802. 128x128	921	785	256	256
11827. 128x128	2470	3754	256	256
13252. 128x128	2525	607	256	256
13465. 128x128	2807	3483	256	256
13710. 128x128	1763	3405	256	256
14049. 128x128	1077	2807	256	256
14065. 128x128	1127	658	256	256
14068. 128x128	3725	2764	256	256
14887. 128x128	378	2703	256	256
