170. 128x128	1078	3112	256	256
1254. 128x128	2827	276	256	256
1817. 128x128	2859	3030	256	256
1936. 128x128	3810	2360	256	256
3612. 128x128	1434	2397	256	256
3845. 128x128	3466	1082	256	256
5453. 128x128	1106	2276	256	256
5727. 128x128	2617	3676	256	256
6550. 128x128	3370	2946	256	256
6703. 128x128	1613	2223	256	256
7324. 128x128	3656	2408	256	256
7209. 128x128	311	3569	256	256
7499. 128x128	1170	2180	256	256
7982. 128x128	3151	2851	256	256
8719. 128x128	3405	2713	256	256
9038. 128x128	2079	749	256	256
9131. 128x128	1423	1608	256	256
9157. 128x128	1922	383	256	256
9677. 128x128	3602	1043	256	256
10417. 128x128	3267	2306	256	256
10643. 128x128	944	2603	256	256
11195. 128x128	35	2367	256	256
11788. 128x128	785	1255	256	256
11851. 128x128	1951	938	256	256
12005. 128x128	2144	966	256	256
12006. 128x128	3771	2465	256	256
12547. 128x128	3017	2781	256	256
12549. 128x128	3705	2334	256	256
12843. 128x128	3017	2781	256	256
12853. 128x128	3667	1641	256	256
13703. 128x128	3465	2729	256	256
15039. 128x128	588	937	256	256
15057. 128x128	2945	1592	256	256
15188. 128x128	2162	3674	256	256
