560. 128x128	3771	723	256	256
5. 128x128	2473	1007	256	256
460. 128x128	2658	115	256	256
1025. 128x128	2737	2197	256	256
1416. 128x128	2319	2312	256	256
1965. 128x128	3052	1180	256	256
3422. 128x128	643	1952	256	256
4416. 128x128	2117	917	256	256
4664. 128x128	1117	2155	256	256
5006. 128x128	2677	1415	256	256
5406. 128x128	945	1820	256	256
5992. 128x128	934	906	256	256
6143. 128x128	1834	2936	256	256
6150. 128x128	2408	2500	256	256
6765. 128x128	2889	1396	256	256
6949. 128x128	2405	2991	256	256
7165. 128x128	2769	3383	256	256
9130. 128x128	3550	1271	256	256
9848. 128x128	836	880	256	256
9968. 128x128	1939	2404	256	256
10034. 128x128	3660	566	256	256
10786. 128x128	1142	2704	256	256
11347. 128x128	2214	334	256	256
12766. 128x128	1007	440	256	256
13681. 128x128	1311	1914	256	256
14692. 128x128	3045	1113	256	256
14736. 128x128	1800	1963	256	256
14852. 128x128	1351	444	256	256
14867. 128x128	3045	1113	256	256
