669. 128x128	2936	3648	256	256
77. 128x128	1210	3588	256	256
542. 128x128	2935	55	256	256
1730. 128x128	44	240	256	256
4505. 128x128	1001	1163	256	256
4694. 128x128	1751	716	256	256
5732. 128x128	3489	2589	256	256
5789. 128x128	999	3580	256	256
6962. 128x128	364	722	256	256
7394. 128x128	2788	1538	256	256
7695. 128x128	2957	1672	256	256
7832. 128x128	2499	2712	256	256
7868. 128x128	723	2121	256	256
7730. 128x128	678	2472	256	256
8013. 128x128	268	2085	256	256
8538. 128x128	2550	657	256	256
9024. 128x128	3837	2388	256	256
9858. 128x128	1784	535	256	256
10385. 128x128	2560	760	256	256
11278. 128x128	3056	1016	256	256
