329. 128x128	1635	2221	256	256
715. 128x128	2579	3565	256	256
337. 128x128	299	2947	256	256
1271. 128x128	1897	1430	256	256
970. 128x128	3433	3140	256	256
976. 128x128	1466	318	256	256
1784. 128x128	1954	1685	256	256
3516. 128x128	2978	1350	256	256
3589. 128x128	1652	3567	256	256
4902. 128x128	2674	1519	256	256
5218. 128x128	3361	3693	256	256
6778. 128x128	2561	3790	256	256
6793. 128x128	1118	3001	256	256
9173. 128x128	471	3656	256	256
9648. 128x128	1136	3128	256	256
14369. 128x128	3756	2090	256	256
14488. 128x128	3022	1116	256	256
15262. 128x128	569	3125	256	256
