422. 128x128	3776	378	256	256
30. 128x128	568	3459	256	256
158. 128x128	1816	1682	256	256
545. 128x128	2667	134	256	256
2024. 128x128	3363	2362	256	256
2388. 128x128	1158	2617	256	256
3109. 128x128	3056	624	256	256
3333. 128x128	1951	1506	256	256
4042. 128x128	892	149	256	256
4046. 128x128	1641	2335	256	256
4390. 128x128	1085	947	256	256
4103. 128x128	2426	1532	256	256
4827. 128x128	853	2779	256	256
4929. 128x128	2507	3329	256	256
5417. 128x128	2779	400	256	256
5611. 128x128	492	1188	256	256
5993. 128x128	974	592	256	256
6030. 128x128	2481	2817	256	256
6132. 128x128	812	319	256	256
6661. 128x128	2568	3141	256	256
7128. 128x128	1870	3436	256	256
7350. 128x128	1505	142	256	256
8826. 128x128	2009	1533	256	256
9309. 128x128	1545	928	256	256
9322. 128x128	3301	2729	256	256
9700. 128x128	2133	1114	256	256
10432. 128x128	118	2572	256	256
10957. 128x128	2423	1474	256	256
11003. 128x128	2295	472	256	256
13151. 128x128	91	3193	256	256
13490. 128x128	91	3193	256	256
13728. 128x128	546	3055	256	256
13749. 128x128	1201	2988	256	256
13927. 128x128	1873	3118	256	256
14502. 128x128	1011	2920	256	256
14787. 128x128	2311	54	256	256
