216. 128x128	143	2228	256	256
1748. 128x128	1665	1982	256	256
3376. 128x128	3166	1982	256	256
3926. 128x128	769	2478	256	256
5203. 128x128	3561	3159	256	256
5267. 128x128	759	586	256	256
5818. 128x128	3462	3398	256	256
6664. 128x128	460	2276	256	256
6902. 128x128	286	279	256	256
7443. 128x128	3767	1161	256	256
7399. 128x128	1949	1035	256	256
8025. 128x128	1597	568	256	256
8369. 128x128	3773	3219	256	256
8948. 128x128	3779	3610	256	256
9682. 128x128	1741	2346	256	256
10419. 128x128	2268	2778	256	256
10688. 128x128	841	1992	256	256
12526. 128x128	381	436	256	256
12530. 128x128	634	1968	256	256
12822. 128x128	381	436	256	256
13006. 128x128	2562	1690	256	256
13011. 128x128	555	2879	256	256
13863. 128x128	2058	538	256	256
14702. 128x128	2716	967	256	256
14497. 128x128	3056	3483	256	256
