155. 128x128	3204	216	256	256
695. 128x128	2631	428	256	256
905. 128x128	1378	3428	256	256
915. 128x128	1895	2687	256	256
1121. 128x128	1895	2832	256	256
1967. 128x128	189	1	256	256
4242. 128x128	1066	549	256	256
5556. 128x128	818	1509	256	256
5881. 128x128	1771	3445	256	256
6475. 128x128	3022	1384	256	256
7668. 128x128	2421	3617	256	256
8701. 128x128	576	1359	256	256
8946. 128x128	2162	172	256	256
9269. 128x128	1987	12	256	256
9400. 128x128	1867	2114	256	256
9975. 128x128	343	1964	256	256
10217. 128x128	748	2442	256	256
11936. 128x128	2599	1016	256	256
13195. 128x128	1584	2203	256	256
13534. 128x128	1584	2203	256	256
14058. 128x128	1235	952	256	256
14582. 128x128	2005	2109	256	256
14959. 128x128	3527	1618	256	256
15021. 128x128	3084	1028	256	256
15162. 128x128	2139	2062	256	256
