485. 128x128	3839	3164	256	256
433. 128x128	2003	3061	256	256
471. 128x128	1592	1136	256	256
751. 128x128	3455	2354	256	256
882. 128x128	2914	82	256	256
887. 128x128	1399	1396	256	256
1143. 128x128	2662	1091	256	256
2213. 128x128	3010	1085	256	256
3620. 128x128	2501	2648	256	256
3898. 128x128	535	1027	256	256
4439. 128x128	1058	2081	256	256
5269. 128x128	3669	472	256	256
5349. 128x128	2441	401	256	256
5904. 128x128	16	2377	256	256
6226. 128x128	1990	2567	256	256
6180. 128x128	642	529	256	256
6710. 128x128	1050	2299	256	256
6822. 128x128	770	2966	256	256
6857. 128x128	1184	1100	256	256
7347. 128x128	94	17	256	256
7845. 128x128	1219	152	256	256
7879. 128x128	355	1780	256	256
8056. 128x128	1004	3087	256	256
8322. 128x128	1834	467	256	256
8484. 128x128	997	304	256	256
10203. 128x128	2884	1475	256	256
10236. 128x128	2098	2133	256	256
11061. 128x128	1004	3087	256	256
11333. 128x128	1061	2527	256	256
11372. 128x128	186	3659	256	256
12754. 128x128	2190	201	256	256
13468. 128x128	2341	663	256	256
14131. 128x128	3712	2813	256	256
14961. 128x128	3372	3683	256	256
15158. 128x128	3153	3238	256	256
