534. 128x128	2180	651	256	256
2116. 128x128	1234	2094	256	256
2441. 128x128	2703	773	256	256
2355. 128x128	1583	1982	256	256
2567. 128x128	438	410	256	256
2788. 128x128	64	2576	256	256
3780. 128x128	3132	2819	256	256
3986. 128x128	1803	963	256	256
4713. 128x128	3306	3407	256	256
4903. 128x128	2287	3011	256	256
5449. 128x128	112	1234	256	256
5912. 128x128	3353	211	256	256
7586. 128x128	3264	1800	256	256
7947. 128x128	2948	3428	256	256
8727. 128x128	450	437	256	256
9303. 128x128	976	3213	256	256
9764. 128x128	2622	3156	256	256
9786. 128x128	342	1791	256	256
9932. 128x128	1849	2052	256	256
10929. 128x128	768	2615	256	256
11309. 128x128	2416	999	256	256
12368. 128x128	90	1967	256	256
15094. 128x128	3610	1326	256	256
