588. 128x128	2518	90	256	256
787. 128x128	763	1604	256	256
1255. 128x128	2992	2461	256	256
2156. 128x128	3456	3105	256	256
2691. 128x128	2390	424	256	256
3132. 128x128	2796	974	256	256
3079. 128x128	2177	1800	256	256
3335. 128x128	167	3708	256	256
3402. 128x128	2574	3472	256	256
4074. 128x128	289	1849	256	256
4759. 128x128	236	211	256	256
4931. 128x128	2359	660	256	256
5182. 128x128	1076	2529	256	256
6011. 128x128	2630	2401	256	256
6019. 128x128	1900	2528	256	256
5948. 128x128	404	1629	256	256
6905. 128x128	3619	3180	256	256
6607. 128x128	2552	1357	256	256
7403. 128x128	3419	2507	256	256
8046. 128x128	1229	1024	256	256
8186. 128x128	3441	2800	256	256
8582. 128x128	386	512	256	256
8654. 128x128	1439	1351	256	256
9929. 128x128	1719	3304	256	256
10216. 128x128	3630	477	256	256
10911. 128x128	2987	1599	256	256
11051. 128x128	1229	1024	256	256
12018. 128x128	2403	2193	256	256
12059. 128x128	1345	2470	256	256
12145. 128x128	2403	2193	256	256
12186. 128x128	1345	2470	256	256
12505. 128x128	107	1435	256	256
13262. 128x128	3473	1283	256	256
13708. 128x128	471	1288	256	256
14731. 128x128	652	1922	256	256
14888. 128x128	3311	3535	256	256
14998. 128x128	2586	625	256	256
