519. 128x128	2304	22	256	256
45. 128x128	2803	2243	256	256
2685. 128x128	370	3775	256	256
2953. 128x128	923	3176	256	256
2877. 128x128	3574	3018	256	256
5828. 128x128	2531	617	256	256
6742. 128x128	3148	1883	256	256
7724. 128x128	1572	3096	256	256
8351. 128x128	246	1592	256	256
9032. 128x128	1459	2577	256	256
10862. 128x128	2774	1212	256	256
11376. 128x128	1996	2781	256	256
11739. 128x128	2137	1449	256	256
12055. 128x128	272	696	256	256
12182. 128x128	272	696	256	256
12372. 128x128	577	1501	256	256
12851. 128x128	2686	3141	256	256
