286. 128x128	28	3407	256	256
1063. 128x128	3372	3101	256	256
1094. 128x128	1377	1641	256	256
1436. 128x128	2150	3727	256	256
1653. 128x128	1027	780	256	256
3885. 128x128	1167	459	256	256
4294. 128x128	2671	3816	256	256
4527. 128x128	3197	979	256	256
4841. 128x128	2248	1549	256	256
4899. 128x128	54	2472	256	256
6044. 128x128	2740	1972	256	256
5931. 128x128	2505	87	256	256
6392. 128x128	167	2035	256	256
6939. 128x128	326	3225	256	256
6948. 128x128	3783	693	256	256
7253. 128x128	1752	1409	256	256
7965. 128x128	1535	2032	256	256
8151. 128x128	2060	1827	256	256
9020. 128x128	1449	687	256	256
9408. 128x128	3262	1548	256	256
9421. 128x128	2636	2967	256	256
10150. 128x128	2009	2054	256	256
11197. 128x128	2236	2449	256	256
11157. 128x128	2060	1827	256	256
12053. 128x128	525	348	256	256
12180. 128x128	525	348	256	256
12299. 128x128	2368	2426	256	256
12489. 128x128	840	3825	256	256
12725. 128x128	1756	3453	256	256
12904. 128x128	959	3328	256	256
14220. 128x128	1531	2077	256	256
15205. 128x128	693	2971	256	256
15228. 128x128	435	3105	256	256
