510. 128x128	3072	3107	256	256
385. 128x128	256	3042	256	256
1177. 128x128	378	2858	256	256
950. 128x128	860	929	256	256
1595. 128x128	3309	2281	256	256
2345. 128x128	3033	3591	256	256
2956. 128x128	999	3486	256	256
3551. 128x128	351	2242	256	256
3901. 128x128	1368	2579	256	256
4011. 128x128	448	2706	256	256
4442. 128x128	2239	367	256	256
4514. 128x128	2009	1833	256	256
4860. 128x128	642	3072	256	256
5245. 128x128	2306	3346	256	256
6406. 128x128	2886	1493	256	256
7540. 128x128	1424	182	256	256
7687. 128x128	2311	802	256	256
7894. 128x128	2720	2807	256	256
11435. 128x128	723	2106	256	256
11539. 128x128	723	2106	256	256
11914. 128x128	769	296	256	256
12595. 128x128	3216	1940	256	256
12730. 128x128	1652	1531	256	256
14246. 128x128	2653	1813	256	256
14290. 128x128	1905	3766	256	256
14532. 128x128	3668	3173	256	256
14623. 128x128	2526	2372	256	256
