659. 128x128	3345	251	256	256
406. 128x128	1779	2256	256	256
1101. 128x128	627	2550	256	256
72. 128x128	391	388	256	256
498. 128x128	2329	3692	256	256
516. 128x128	2315	1023	256	256
1174. 128x128	919	1798	256	256
1896. 128x128	114	1882	256	256
2034. 128x128	957	1241	256	256
2633. 128x128	3584	1162	256	256
3090. 128x128	2577	2294	256	256
4002. 128x128	834	2912	256	256
4399. 128x128	740	2511	256	256
4652. 128x128	1839	3444	256	256
5397. 128x128	82	59	256	256
5604. 128x128	2226	180	256	256
7637. 128x128	423	380	256	256
7657. 128x128	2151	358	256	256
7793. 128x128	2526	105	256	256
8933. 128x128	1499	1746	256	256
9162. 128x128	991	1172	256	256
9366. 128x128	2557	1859	256	256
9433. 128x128	218	1068	256	256
9465. 128x128	2838	2530	256	256
11803. 128x128	3320	1024	256	256
12469. 128x128	3598	3733	256	256
13232. 128x128	1903	99	256	256
13241. 128x128	3809	2965	256	256
13571. 128x128	1903	99	256	256
13580. 128x128	3809	2965	256	256
14676. 128x128	1966	2654	256	256
