434. 128x128	205	3589	256	256
2352. 128x128	3729	2084	256	256
3713. 128x128	606	3219	256	256
6284. 128x128	297	834	256	256
5896. 128x128	3558	225	256	256
6735. 128x128	3492	1962	256	256
6864. 128x128	2914	3645	256	256
7952. 128x128	2210	3076	256	256
8129. 128x128	887	1645	256	256
9684. 128x128	2030	722	256	256
11135. 128x128	887	1645	256	256
11629. 128x128	2248	2084	256	256
11752. 128x128	1055	3616	256	256
12485. 128x128	104	1805	256	256
12656. 128x128	2821	2362	256	256
12824. 128x128	3148	3425	256	256
