593. 128x128	3733	1752	256	256
399. 128x128	283	3591	256	256
1066. 128x128	1601	668	256	256
1150. 128x128	1773	3408	256	256
1415. 128x128	1144	2048	256	256
3282. 128x128	2389	2564	256	256
3629. 128x128	3322	273	256	256
4615. 128x128	3581	815	256	256
4962. 128x128	582	571	256	256
5802. 128x128	2758	2794	256	256
6427. 128x128	3297	598	256	256
7627. 128x128	1234	1959	256	256
8378. 128x128	744	330	256	256
8631. 128x128	2138	60	256	256
9406. 128x128	198	1110	256	256
10725. 128x128	399	2153	256	256
11295. 128x128	3341	183	256	256
11352. 128x128	1303	1794	256	256
11507. 128x128	1849	489	256	256
11928. 128x128	1850	2512	256	256
12657. 128x128	411	581	256	256
13344. 128x128	1122	254	256	256
13668. 128x128	770	1084	256	256
13980. 128x128	229	2749	256	256
