197. 128x128	3214	2838	256	256
81. 128x128	835	2596	256	256
3659. 128x128	2683	2651	256	256
3930. 128x128	1668	669	256	256
4625. 128x128	1425	652	256	256
6481. 128x128	1632	3374	256	256
7116. 128x128	1092	561	256	256
7476. 128x128	1101	1081	256	256
8461. 128x128	2878	3731	256	256
8977. 128x128	1360	3000	256	256
9076. 128x128	2007	3409	256	256
9451. 128x128	837	41	256	256
10791. 128x128	108	1016	256	256
11682. 128x128	387	1542	256	256
12825. 128x128	1964	3831	256	256
13609. 128x128	531	1051	256	256
14042. 128x128	2200	1752	256	256
