437. 128x128	3738	1046	256	256
717. 128x128	3249	1189	256	256
55. 128x128	2857	1042	256	256
70. 128x128	1038	1915	256	256
998. 128x128	3796	3194	256	256
1684. 128x128	933	1248	256	256
2224. 128x128	3014	2879	256	256
3072. 128x128	2665	860	256	256
4062. 128x128	3145	1449	256	256
4940. 128x128	2470	3541	256	256
5911. 128x128	308	1306	256	256
7638. 128x128	1660	237	256	256
8168. 128x128	3603	290	256	256
8609. 128x128	1973	2795	256	256
9460. 128x128	1136	1975	256	256
9646. 128x128	2340	629	256	256
9659. 128x128	3788	382	256	256
9762. 128x128	700	1738	256	256
10018. 128x128	76	409	256	256
10538. 128x128	1942	2626	256	256
10446. 128x128	139	3025	256	256
10750. 128x128	3388	2564	256	256
12481. 128x128	1806	2447	256	256
13104. 128x128	643	2617	256	256
13316. 128x128	2846	3170	256	256
13476. 128x128	2209	196	256	256
13709. 128x128	3622	204	256	256
13870. 128x128	2796	3406	256	256
14197. 128x128	878	1298	256	256
14618. 128x128	3054	403	256	256
15152. 128x128	3142	2290	256	256
