359. 128x128	2599	2307	256	256
430. 128x128	1525	2523	256	256
497. 128x128	1905	2465	256	256
510. 128x128	3072	3107	256	256
955. 128x128	981	2884	256	256
1164. 128x128	998	48	256	256
1361. 128x128	2702	808	256	256
1735. 128x128	3012	1783	256	256
1925. 128x128	884	3021	256	256
2730. 128x128	687	1403	256	256
3804. 128x128	2604	1618	256	256
5008. 128x128	3338	2176	256	256
5644. 128x128	1923	1556	256	256
5778. 128x128	3423	1993	256	256
5922. 128x128	890	2058	256	256
6383. 128x128	1792	3046	256	256
8169. 128x128	419	846	256	256
8227. 128x128	1101	3610	256	256
8761. 128x128	3660	3578	256	256
8473. 128x128	2728	1016	256	256
10367. 128x128	2454	973	256	256
10373. 128x128	3216	3494	256	256
10630. 128x128	1765	2149	256	256
11257. 128x128	1938	3658	256	256
11311. 128x128	2799	2371	256	256
12051. 128x128	3182	1777	256	256
12105. 128x128	1338	1572	256	256
12178. 128x128	3182	1777	256	256
12232. 128x128	1338	1572	256	256
12392. 128x128	1484	2802	256	256
13293. 128x128	3641	1740	256	256
13956. 128x128	3111	3045	256	256
13904. 128x128	946	2618	256	256
14024. 128x128	2939	1780	256	256
14826. 128x128	3121	3263	256	256
14897. 128x128	1832	1455	256	256
