398. 128x128	3048	3150	256	256
339. 128x128	3458	2141	256	256
349. 128x128	241	2994	256	256
1342. 128x128	2215	739	256	256
2404. 128x128	1587	794	256	256
3092. 128x128	3461	1464	256	256
3743. 128x128	96	3227	256	256
6480. 128x128	3159	313	256	256
6859. 128x128	164	3338	256	256
7633. 128x128	18	1428	256	256
7684. 128x128	2566	2951	256	256
8127. 128x128	1559	2989	256	256
8286. 128x128	1103	3147	256	256
8932. 128x128	3785	851	256	256
10410. 128x128	3596	2940	256	256
11133. 128x128	1559	2989	256	256
11660. 128x128	2289	1558	256	256
12441. 128x128	1770	47	256	256
13251. 128x128	1535	804	256	256
13859. 128x128	975	1677	256	256
15071. 128x128	682	2564	256	256
