666. 128x128	3293	3028	256	256
1012. 128x128	886	1638	256	256
1115. 128x128	1879	3632	256	256
610. 128x128	706	3541	256	256
170. 128x128	1078	3112	256	256
1539. 128x128	3219	2439	256	256
1654. 128x128	2397	2333	256	256
1935. 128x128	3240	2721	256	256
3010. 128x128	2040	1061	256	256
3474. 128x128	1404	987	256	256
3753. 128x128	2175	1037	256	256
3414. 128x128	2582	1165	256	256
3594. 128x128	574	1355	256	256
3829. 128x128	1293	1930	256	256
3929. 128x128	2944	182	256	256
4384. 128x128	43	1252	256	256
4436. 128x128	2795	928	256	256
5099. 128x128	3080	1239	256	256
6131. 128x128	2451	392	256	256
7122. 128x128	2545	2311	256	256
7150. 128x128	2126	2481	256	256
7157. 128x128	2525	2296	256	256
7549. 128x128	1271	149	256	256
8602. 128x128	133	181	256	256
8726. 128x128	528	3265	256	256
8476. 128x128	2453	1634	256	256
10089. 128x128	2268	2330	256	256
10693. 128x128	1923	3830	256	256
10954. 128x128	2968	1051	256	256
11735. 128x128	1208	2755	256	256
12042. 128x128	3614	1213	256	256
12169. 128x128	3614	1213	256	256
12314. 128x128	2624	2550	256	256
12711. 128x128	761	2408	256	256
13382. 128x128	194	238	256	256
14015. 128x128	3519	1309	256	256
14174. 128x128	1094	1702	256	256
14774. 128x128	3293	595	256	256
14948. 128x128	2167	2578	256	256
15338. 128x128	1105	3293	256	256
