48. 128x128	1082	362	256	256
1310. 128x128	2798	1876	256	256
1902. 128x128	3234	663	256	256
2235. 128x128	678	1723	256	256
2836. 128x128	673	695	256	256
3321. 128x128	2876	2098	256	256
3363. 128x128	2268	1587	256	256
3398. 128x128	2977	2277	256	256
3643. 128x128	2217	1853	256	256
4084. 128x128	1628	1036	256	256
4948. 128x128	1035	387	256	256
6300. 128x128	1802	138	256	256
6326. 128x128	1948	3279	256	256
6781. 128x128	3137	2758	256	256
6872. 128x128	3002	3545	256	256
8216. 128x128	2369	2212	256	256
11394. 128x128	968	1499	256	256
12119. 128x128	2518	2321	256	256
12246. 128x128	2518	2321	256	256
12347. 128x128	2501	2350	256	256
13126. 128x128	1063	2089	256	256
13642. 128x128	1090	1725	256	256
13649. 128x128	1138	319	256	256
