28. 128x128	1030	865	256	256
1020. 128x128	1476	3145	256	256
817. 128x128	2008	505	256	256
1363. 128x128	3193	1103	256	256
2105. 128x128	1096	967	256	256
3987. 128x128	2249	2302	256	256
6846. 128x128	2842	1700	256	256
7135. 128x128	2509	420	256	256
7266. 128x128	2409	2913	256	256
8153. 128x128	1395	2550	256	256
9093. 128x128	3447	2339	256	256
9120. 128x128	385	2810	256	256
9834. 128x128	114	153	256	256
10176. 128x128	496	2898	256	256
11159. 128x128	1395	2550	256	256
13014. 128x128	1642	407	256	256
13443. 128x128	1177	3678	256	256
13877. 128x128	2405	3126	256	256
14617. 128x128	3089	1892	256	256
15067. 128x128	642	1731	256	256
15106. 128x128	634	1730	256	256
