126. 128x128	2621	912	256	256
590. 128x128	2507	2321	256	256
496. 128x128	1604	2872	256	256
563. 128x128	837	2717	256	256
574. 128x128	194	3739	256	256
1621. 128x128	467	3227	256	256
2429. 128x128	3528	461	256	256
2450. 128x128	2695	1331	256	256
2223. 128x128	3738	890	256	256
3112. 128x128	1049	3062	256	256
4581. 128x128	1894	3013	256	256
4958. 128x128	823	1442	256	256
5509. 128x128	1769	2164	256	256
5555. 128x128	617	840	256	256
6520. 128x128	1041	1371	256	256
6542. 128x128	3684	3461	256	256
6692. 128x128	3105	1295	256	256
7298. 128x128	1520	2161	256	256
7364. 128x128	1614	1580	256	256
8114. 128x128	1927	2929	256	256
8630. 128x128	978	779	256	256
8902. 128x128	233	3097	256	256
9526. 128x128	2755	2105	256	256
10896. 128x128	942	2951	256	256
11120. 128x128	1927	2929	256	256
11389. 128x128	3822	3513	256	256
13203. 128x128	3632	766	256	256
13345. 128x128	231	1972	256	256
13542. 128x128	3632	766	256	256
14632. 128x128	2993	3381	256	256
14848. 128x128	1095	1886	256	256
15224. 128x128	2452	2343	256	256
