624. 128x128	3598	1146	256	256
260. 128x128	3282	2509	256	256
733. 128x128	1698	2176	256	256
82. 128x128	3630	2152	256	256
1542. 128x128	861	3341	256	256
2261. 128x128	1511	3439	256	256
2803. 128x128	2560	1106	256	256
3042. 128x128	2911	3090	256	256
3619. 128x128	2472	721	256	256
4275. 128x128	1636	293	256	256
4111. 128x128	3404	2341	256	256
4343. 128x128	1753	1733	256	256
4587. 128x128	2044	230	256	256
4791. 128x128	1706	351	256	256
4868. 128x128	3798	2903	256	256
5134. 128x128	208	73	256	256
5517. 128x128	1734	208	256	256
5890. 128x128	2200	595	256	256
6723. 128x128	3160	1222	256	256
7348. 128x128	1798	249	256	256
7509. 128x128	2514	2654	256	256
7652. 128x128	3445	1163	256	256
8019. 128x128	1641	712	256	256
9158. 128x128	768	269	256	256
9389. 128x128	2979	3087	256	256
9527. 128x128	2224	2233	256	256
9532. 128x128	956	72	256	256
10944. 128x128	2067	407	256	256
11306. 128x128	2679	1357	256	256
11509. 128x128	3029	2424	256	256
11620. 128x128	3029	2424	256	256
11636. 128x128	931	68	256	256
11783. 128x128	1181	142	256	256
13731. 128x128	1975	2723	256	256
13740. 128x128	1628	836	256	256
14598. 128x128	2817	3695	256	256
