633. 128x128	2248	790	256	256
1048. 128x128	2432	3497	256	256
1060. 128x128	3481	1999	256	256
315. 128x128	3069	566	256	256
517. 128x128	2048	776	256	256
812. 128x128	2945	1191	256	256
1657. 128x128	975	3309	256	256
3013. 128x128	2868	201	256	256
3020. 128x128	2921	3229	256	256
2889. 128x128	2996	1186	256	256
3519. 128x128	3443	2493	256	256
3798. 128x128	997	3172	256	256
3913. 128x128	347	537	256	256
4009. 128x128	1828	3838	256	256
4019. 128x128	3351	2083	256	256
4066. 128x128	3610	3287	256	256
4389. 128x128	1613	529	256	256
4339. 128x128	690	1388	256	256
5030. 128x128	2338	3244	256	256
6041. 128x128	2101	378	256	256
6225. 128x128	1427	2417	256	256
7292. 128x128	1318	1738	256	256
8399. 128x128	190	2189	256	256
8778. 128x128	1178	1069	256	256
9066. 128x128	2030	713	256	256
9069. 128x128	2133	2261	256	256
10119. 128x128	737	3426	256	256
10389. 128x128	1542	2530	256	256
10480. 128x128	522	2119	256	256
10711. 128x128	1316	2593	256	256
11021. 128x128	1973	2436	256	256
11328. 128x128	3420	576	256	256
12528. 128x128	3148	3425	256	256
13269. 128x128	2754	1227	256	256
13608. 128x128	1376	885	256	256
13829. 128x128	989	3248	256	256
14170. 128x128	208	2841	256	256
14789. 128x128	1794	1459	256	256
14921. 128x128	1431	2829	256	256
15344. 128x128	1538	2187	256	256
