229. 128x128	2379	3140	256	256
426. 128x128	2800	3015	256	256
1956. 128x128	3234	907	256	256
2830. 128x128	3571	3203	256	256
4446. 128x128	1217	2463	256	256
4775. 128x128	842	3240	256	256
5120. 128x128	761	1946	256	256
5258. 128x128	243	3331	256	256
5876. 128x128	3649	2737	256	256
5854. 128x128	1422	3689	256	256
5960. 128x128	29	3286	256	256
6455. 128x128	3340	2524	256	256
7278. 128x128	3231	867	256	256
7648. 128x128	3304	2459	256	256
8195. 128x128	1172	2194	256	256
8132. 128x128	2709	600	256	256
8740. 128x128	3277	1260	256	256
9347. 128x128	2634	3055	256	256
10477. 128x128	2831	3605	256	256
10930. 128x128	989	1489	256	256
11138. 128x128	2709	600	256	256
11254. 128x128	3273	668	256	256
11451. 128x128	1153	790	256	256
11557. 128x128	1153	790	256	256
12315. 128x128	1910	915	256	256
12503. 128x128	681	55	256	256
12624. 128x128	1824	3019	256	256
12799. 128x128	681	55	256	256
13357. 128x128	279	282	256	256
13374. 128x128	1797	3567	256	256
14268. 128x128	2518	1492	256	256
