660. 128x128	3432	2347	256	256
454. 128x128	48	580	256	256
132. 128x128	41	784	256	256
594. 128x128	2044	3779	256	256
980. 128x128	3279	873	256	256
1687. 128x128	157	367	256	256
3154. 128x128	1983	1177	256	256
3103. 128x128	2141	3688	256	256
3237. 128x128	1983	1177	256	256
3729. 128x128	1794	9	256	256
4425. 128x128	237	39	256	256
4538. 128x128	2182	155	256	256
4662. 128x128	1149	2649	256	256
4887. 128x128	2379	2565	256	256
5422. 128x128	2869	1335	256	256
5377. 128x128	1614	1555	256	256
5632. 128x128	2459	3277	256	256
6325. 128x128	1733	2857	256	256
6783. 128x128	1692	763	256	256
6667. 128x128	532	3610	256	256
7170. 128x128	1653	1989	256	256
7260. 128x128	170	2480	256	256
8710. 128x128	2172	2678	256	256
9122. 128x128	2436	1919	256	256
9633. 128x128	3416	834	256	256
9542. 128x128	474	2914	256	256
9560. 128x128	717	1554	256	256
10988. 128x128	2689	2351	256	256
11805. 128x128	2284	3401	256	256
11904. 128x128	3666	3538	256	256
12287. 128x128	3750	727	256	256
13308. 128x128	1523	652	256	256
14661. 128x128	2420	554	256	256
14747. 128x128	96	29	256	256
14834. 128x128	2420	554	256	256
15132. 128x128	3399	1781	256	256
