295. 128x128	650	557	256	256
438. 128x128	128	1492	256	256
241. 128x128	3071	3001	256	256
549. 128x128	2816	578	256	256
1557. 128x128	1875	3652	256	256
4025. 128x128	404	273	256	256
4753. 128x128	646	3057	256	256
4862. 128x128	2186	3606	256	256
5657. 128x128	2332	3789	256	256
5675. 128x128	148	3536	256	256
7797. 128x128	3524	1578	256	256
7871. 128x128	2353	928	256	256
7962. 128x128	3433	560	256	256
8142. 128x128	3544	3069	256	256
9626. 128x128	1794	2881	256	256
9571. 128x128	3124	245	256	256
11148. 128x128	3544	3069	256	256
12890. 128x128	2142	1426	256	256
13066. 128x128	327	3411	256	256
13792. 128x128	3034	995	256	256
13923. 128x128	1152	1813	256	256
14023. 128x128	3034	897	256	256
14206. 128x128	2724	1976	256	256
14127. 128x128	1454	2341	256	256
14245. 128x128	3096	1151	256	256
14712. 128x128	378	2703	256	256
15027. 128x128	1417	1234	256	256
