50. 128x128	132	892	256	256
1080. 128x128	831	1468	256	256
100. 128x128	3162	2064	256	256
584. 128x128	3169	3179	256	256
5172. 128x128	3621	1785	256	256
5287. 128x128	196	558	256	256
5685. 128x128	3344	495	256	256
6420. 128x128	1683	2561	256	256
8099. 128x128	940	3222	256	256
8160. 128x128	957	3240	256	256
8618. 128x128	3043	277	256	256
9001. 128x128	1756	2073	256	256
9663. 128x128	2400	3060	256	256
9668. 128x128	3142	3368	256	256
10174. 128x128	2890	1471	256	256
11105. 128x128	940	3222	256	256
11166. 128x128	957	3240	256	256
11737. 128x128	1140	1928	256	256
12419. 128x128	1508	3346	256	256
12915. 128x128	232	616	256	256
13901. 128x128	2933	728	256	256
14126. 128x128	3714	2440	256	256
14822. 128x128	1537	1662	256	256
15215. 128x128	2722	2087	256	256
