367. 128x128	1743	3047	256	256
295. 128x128	650	557	256	256
1522. 128x128	1810	3506	256	256
1587. 128x128	34	147	256	256
1685. 128x128	3472	3721	256	256
1692. 128x128	1105	2117	256	256
2996. 128x128	1024	1036	256	256
2910. 128x128	2086	476	256	256
4181. 128x128	463	1673	256	256
4679. 128x128	3150	3646	256	256
4718. 128x128	1617	1468	256	256
5178. 128x128	3491	2045	256	256
6668. 128x128	2951	2334	256	256
6899. 128x128	2515	3328	256	256
8236. 128x128	3838	561	256	256
8840. 128x128	2980	1639	256	256
8634. 128x128	2015	1350	256	256
9218. 128x128	1201	2590	256	256
9261. 128x128	3659	299	256	256
9990. 128x128	1782	2391	256	256
11540. 128x128	1395	3705	256	256
12639. 128x128	1085	1017	256	256
12651. 128x128	970	1984	256	256
14865. 128x128	2183	3639	256	256
15127. 128x128	2532	733	256	256
15315. 128x128	3266	3371	256	256
