565. 128x128	2403	564	256	256
628. 128x128	3528	3722	256	256
957. 128x128	309	760	256	256
1521. 128x128	140	2657	256	256
1707. 128x128	2488	2486	256	256
2354. 128x128	2527	3690	256	256
2635. 128x128	3737	1180	256	256
3330. 128x128	2660	1386	256	256
3404. 128x128	759	1099	256	256
4165. 128x128	265	48	256	256
4665. 128x128	3	3479	256	256
6017. 128x128	2232	662	256	256
6027. 128x128	2263	2166	256	256
5919. 128x128	2272	1625	256	256
6214. 128x128	2815	376	256	256
6801. 128x128	1676	587	256	256
7493. 128x128	1756	3625	256	256
8298. 128x128	1803	82	256	256
8499. 128x128	2307	79	256	256
8801. 128x128	3342	73	256	256
9006. 128x128	2577	1166	256	256
9231. 128x128	1307	787	256	256
9255. 128x128	3055	1307	256	256
9863. 128x128	2840	84	256	256
11252. 128x128	3175	2835	256	256
11719. 128x128	1596	2067	256	256
12365. 128x128	2805	1713	256	256
12405. 128x128	1846	3283	256	256
12860. 128x128	1763	1280	256	256
14319. 128x128	2521	3504	256	256
