466. 128x128	1298	2279	256	256
893. 128x128	1008	2210	256	256
1169. 128x128	1262	3790	256	256
1910. 128x128	2689	2153	256	256
1974. 128x128	1126	1508	256	256
2526. 128x128	1393	2517	256	256
3712. 128x128	3142	3411	256	256
4229. 128x128	1087	864	256	256
4561. 128x128	2172	3065	256	256
6182. 128x128	1797	3413	256	256
6649. 128x128	2967	2270	256	256
7649. 128x128	654	3189	256	256
10594. 128x128	3523	865	256	256
11580. 128x128	2529	912	256	256
12328. 128x128	3278	3425	256	256
12939. 128x128	3061	1454	256	256
13101. 128x128	81	2875	256	256
