620. 128x128	2632	3791	256	256
135. 128x128	1878	399	256	256
936. 128x128	1916	929	256	256
562. 128x128	2650	328	256	256
572. 128x128	2286	1240	256	256
1466. 128x128	146	508	256	256
1712. 128x128	3336	1408	256	256
2271. 128x128	1859	794	256	256
2111. 128x128	569	2067	256	256
2940. 128x128	1671	205	256	256
3150. 128x128	3207	2007	256	256
3233. 128x128	3207	2007	256	256
3666. 128x128	1266	1287	256	256
3850. 128x128	2798	2755	256	256
3999. 128x128	2235	860	256	256
4047. 128x128	3726	3574	256	256
3953. 128x128	3695	1597	256	256
4213. 128x128	3122	1635	256	256
4335. 128x128	1054	2590	256	256
4677. 128x128	1473	2231	256	256
4741. 128x128	1528	3470	256	256
5473. 128x128	842	1206	256	256
6205. 128x128	3399	1152	256	256
6411. 128x128	3034	3257	256	256
6838. 128x128	189	3664	256	256
7343. 128x128	1657	3715	256	256
7844. 128x128	2510	1123	256	256
7882. 128x128	182	2464	256	256
8623. 128x128	3716	1410	256	256
8839. 128x128	3775	3699	256	256
9211. 128x128	3515	668	256	256
9815. 128x128	230	84	256	256
9844. 128x128	1994	2660	256	256
10325. 128x128	1301	1059	256	256
10445. 128x128	1466	2557	256	256
12599. 128x128	890	1266	256	256
12970. 128x128	646	390	256	256
12987. 128x128	721	3754	256	256
13236. 128x128	192	1609	256	256
13575. 128x128	192	1609	256	256
13683. 128x128	2197	722	256	256
13992. 128x128	411	3817	256	256
14252. 128x128	2163	1986	256	256
14744. 128x128	2987	184	256	256
14930. 128x128	3647	253	256	256
15045. 128x128	427	3076	256	256
