41. 128x128	2890	3184	256	256
27. 128x128	337	2513	256	256
379. 128x128	1711	2025	256	256
2559. 128x128	3838	681	256	256
3379. 128x128	2450	2121	256	256
4336. 128x128	2954	2752	256	256
4470. 128x128	2432	1963	256	256
4524. 128x128	774	2133	256	256
5133. 128x128	3152	3645	256	256
6821. 128x128	1917	1999	256	256
7462. 128x128	3814	858	256	256
8206. 128x128	2972	3097	256	256
8756. 128x128	2440	415	256	256
8758. 128x128	1449	745	256	256
9164. 128x128	3092	1015	256	256
9423. 128x128	3107	2791	256	256
9456. 128x128	2895	1246	256	256
9779. 128x128	1827	2416	256	256
10148. 128x128	1671	1551	256	256
11327. 128x128	2610	3645	256	256
11393. 128x128	2460	1854	256	256
11960. 128x128	2096	2898	256	256
12716. 128x128	401	1757	256	256
13406. 128x128	986	3097	256	256
13705. 128x128	2438	2691	256	256
14105. 128x128	1611	2181	256	256
14837. 128x128	2636	223	256	256
