182. 128x128	1734	357	256	256
1022. 128x128	2437	764	256	256
719. 128x128	3310	233	256	256
1537. 128x128	1556	2078	256	256
2094. 128x128	83	3621	256	256
1991. 128x128	3425	1586	256	256
2519. 128x128	2134	2442	256	256
2779. 128x128	153	2883	256	256
3427. 128x128	1186	2794	256	256
4331. 128x128	738	3542	256	256
4668. 128x128	763	3529	256	256
4813. 128x128	3622	2461	256	256
4897. 128x128	291	959	256	256
5580. 128x128	2468	570	256	256
5343. 128x128	2193	2133	256	256
6597. 128x128	2119	1574	256	256
7156. 128x128	3299	603	256	256
8563. 128x128	2307	340	256	256
9033. 128x128	611	1289	256	256
9112. 128x128	3268	1855	256	256
10221. 128x128	637	3357	256	256
10247. 128x128	2645	2704	256	256
10281. 128x128	2601	1347	256	256
10588. 128x128	2452	2661	256	256
10897. 128x128	3716	1957	256	256
10908. 128x128	171	1522	256	256
10917. 128x128	816	3561	256	256
10823. 128x128	818	1209	256	256
12007. 128x128	2083	2150	256	256
12439. 128x128	943	2649	256	256
12459. 128x128	2691	1260	256	256
12706. 128x128	1110	3463	256	256
13184. 128x128	772	132	256	256
13189. 128x128	3127	565	256	256
13523. 128x128	772	132	256	256
13528. 128x128	3127	565	256	256
13942. 128x128	379	2718	256	256
13866. 128x128	717	225	256	256
14797. 128x128	2259	1597	256	256
14858. 128x128	1271	621	256	256
