268. 128x128	3475	2055	256	256
1031. 128x128	1817	1527	256	256
343. 128x128	3245	17	256	256
997. 128x128	1686	308	256	256
1872. 128x128	2402	1343	256	256
4674. 128x128	2963	2525	256	256
4943. 128x128	2937	447	256	256
7093. 128x128	2427	3832	256	256
7470. 128x128	2610	3475	256	256
8973. 128x128	2779	1108	256	256
9636. 128x128	2457	3771	256	256
9869. 128x128	175	3300	256	256
10485. 128x128	3186	1889	256	256
11516. 128x128	2545	630	256	256
12964. 128x128	1465	3198	256	256
13117. 128x128	514	3286	256	256
14399. 128x128	903	2520	256	256
14436. 128x128	2074	2353	256	256
14461. 128x128	1206	1472	256	256
