64. 128x128	3612	1825	256	256
1111. 128x128	2298	1100	256	256
1126. 128x128	1857	985	256	256
2329. 128x128	1038	441	256	256
2728. 128x128	380	881	256	256
2686. 128x128	483	707	256	256
4362. 128x128	1610	1907	256	256
4974. 128x128	2954	1927	256	256
4875. 128x128	3265	1218	256	256
5886. 128x128	142	362	256	256
6169. 128x128	3227	1873	256	256
6305. 128x128	1228	1492	256	256
8148. 128x128	2631	3769	256	256
8704. 128x128	1402	516	256	256
11154. 128x128	2631	3769	256	256
14388. 128x128	1495	1303	256	256
15072. 128x128	2328	725	256	256
