615. 128x128	3339	3233	256	256
3354. 128x128	3308	3712	256	256
4502. 128x128	2343	644	256	256
4966. 128x128	2233	2306	256	256
6026. 128x128	2888	778	256	256
6110. 128x128	3354	1819	256	256
6446. 128x128	2281	1301	256	256
6701. 128x128	2392	3042	256	256
7082. 128x128	145	1071	256	256
7390. 128x128	327	1529	256	256
7613. 128x128	2262	2770	256	256
7723. 128x128	56	2919	256	256
8202. 128x128	1568	2328	256	256
8783. 128x128	3573	1380	256	256
8980. 128x128	696	2722	256	256
9984. 128x128	213	355	256	256
10068. 128x128	3218	1758	256	256
11240. 128x128	1631	1571	256	256
12570. 128x128	105	3803	256	256
12866. 128x128	105	3803	256	256
13274. 128x128	189	3774	256	256
14628. 128x128	1656	1731	256	256
