414. 128x128	1991	2047	256	256
1112. 128x128	3333	3271	256	256
1442. 128x128	2110	3358	256	256
2414. 128x128	919	2740	256	256
3137. 128x128	769	1846	256	256
3410. 128x128	2174	1464	256	256
4217. 128x128	2503	2388	256	256
5009. 128x128	645	2504	256	256
5233. 128x128	2711	2683	256	256
5353. 128x128	3645	1364	256	256
5690. 128x128	1948	3708	256	256
5865. 128x128	3364	3726	256	256
5920. 128x128	3839	142	256	256
5958. 128x128	3359	3730	256	256
5963. 128x128	2550	2843	256	256
6311. 128x128	3070	309	256	256
6405. 128x128	134	1045	256	256
6549. 128x128	26	251	256	256
6653. 128x128	2772	3135	256	256
7331. 128x128	2833	1564	256	256
7386. 128x128	3441	358	256	256
8219. 128x128	1384	2615	256	256
8981. 128x128	2930	840	256	256
12603. 128x128	3581	2315	256	256
12772. 128x128	2737	838	256	256
13001. 128x128	783	2243	256	256
13169. 128x128	1195	2441	256	256
13508. 128x128	1195	2441	256	256
13481. 128x128	1162	2289	256	256
14473. 128x128	2071	1253	256	256
14962. 128x128	3285	1343	256	256
