306. 128x128	376	372	256	256
1007. 128x128	1619	3146	256	256
1008. 128x128	490	3717	256	256
1282. 128x128	2818	2369	256	256
2282. 128x128	1232	3342	256	256
2112. 128x128	255	2166	256	256
2203. 128x128	843	2911	256	256
2479. 128x128	2426	3739	256	256
3050. 128x128	955	1528	256	256
3297. 128x128	259	1915	256	256
3990. 128x128	3305	1561	256	256
4168. 128x128	1929	3482	256	256
5385. 128x128	1214	3197	256	256
5602. 128x128	1832	1730	256	256
5709. 128x128	3119	607	256	256
6062. 128x128	2120	2018	256	256
6197. 128x128	1430	3261	256	256
6729. 128x128	1446	1906	256	256
6929. 128x128	959	3016	256	256
8534. 128x128	1574	3297	256	256
8907. 128x128	2704	432	256	256
9971. 128x128	2791	920	256	256
10052. 128x128	1125	564	256	256
11880. 128x128	2402	3213	256	256
12303. 128x128	476	3817	256	256
13320. 128x128	690	2917	256	256
13354. 128x128	1458	3083	256	256
13745. 128x128	2148	3336	256	256
14772. 128x128	1331	1684	256	256
