635. 128x128	2395	3247	256	256
1368. 128x128	751	3732	256	256
2986. 128x128	1182	2091	256	256
3751. 128x128	2911	863	256	256
3576. 128x128	2504	3775	256	256
4546. 128x128	2386	3362	256	256
6508. 128x128	479	3809	256	256
7428. 128x128	132	428	256	256
7850. 128x128	2855	2479	256	256
8058. 128x128	252	2953	256	256
8448. 128x128	2892	160	256	256
8775. 128x128	3652	3643	256	256
8725. 128x128	1068	2074	256	256
9899. 128x128	2363	3565	256	256
10604. 128x128	760	2751	256	256
10803. 128x128	2635	3621	256	256
11063. 128x128	252	2953	256	256
12034. 128x128	310	554	256	256
12161. 128x128	310	554	256	256
12534. 128x128	1847	1121	256	256
12555. 128x128	2686	3141	256	256
12929. 128x128	638	2225	256	256
13321. 128x128	1589	461	256	256
13754. 128x128	1039	3297	256	256
14942. 128x128	3754	991	256	256
15031. 128x128	785	1355	256	256
