406. 128x128	1779	2256	256	256
573. 128x128	2837	1029	256	256
1840. 128x128	2630	2309	256	256
1862. 128x128	3614	1100	256	256
3605. 128x128	1288	2698	256	256
5597. 128x128	1959	2250	256	256
8346. 128x128	2652	2681	256	256
8590. 128x128	3106	125	256	256
8489. 128x128	257	1923	256	256
9289. 128x128	1887	2692	256	256
9675. 128x128	3522	3832	256	256
10352. 128x128	1381	651	256	256
10661. 128x128	405	3495	256	256
12908. 128x128	397	3299	256	256
13240. 128x128	710	367	256	256
13579. 128x128	710	367	256	256
13431. 128x128	2113	1195	256	256
13804. 128x128	2475	1408	256	256
14433. 128x128	465	3062	256	256
15184. 128x128	3173	2082	256	256
