103. 128x128	3056	2454	256	256
1616. 128x128	70	2304	256	256
1640. 128x128	3003	3260	256	256
2540. 128x128	2229	1909	256	256
2754. 128x128	2258	2813	256	256
2807. 128x128	2199	629	256	256
2690. 128x128	137	985	256	256
2908. 128x128	2364	1157	256	256
3905. 128x128	173	474	256	256
4601. 128x128	1275	3569	256	256
5101. 128x128	1897	1590	256	256
5616. 128x128	3470	2870	256	256
5761. 128x128	3501	778	256	256
7345. 128x128	2049	2870	256	256
9428. 128x128	2159	757	256	256
10303. 128x128	2765	2277	256	256
10489. 128x128	737	2846	256	256
14602. 128x128	2169	138	256	256
15069. 128x128	1757	1283	256	256
