561. 128x128	3484	3381	256	256
470. 128x128	3064	1310	256	256
693. 128x128	2369	2349	256	256
344. 128x128	2898	1263	256	256
897. 128x128	738	1610	256	256
1068. 128x128	383	729	256	256
176. 128x128	1237	2056	256	256
1584. 128x128	106	1308	256	256
1864. 128x128	1564	2609	256	256
2012. 128x128	141	1295	256	256
2669. 128x128	2054	1242	256	256
3757. 128x128	3418	2785	256	256
3826. 128x128	1453	177	256	256
4828. 128x128	1717	155	256	256
5011. 128x128	1861	2715	256	256
5084. 128x128	1735	2578	256	256
5879. 128x128	1617	3197	256	256
6497. 128x128	695	2548	256	256
7026. 128x128	856	1774	256	256
7302. 128x128	1277	2041	256	256
8133. 128x128	2877	2730	256	256
8409. 128x128	2436	1125	256	256
8598. 128x128	381	771	256	256
10650. 128x128	3072	2946	256	256
10726. 128x128	2528	1983	256	256
10792. 128x128	1122	2411	256	256
10793. 128x128	1859	45	256	256
11006. 128x128	2260	1059	256	256
11139. 128x128	2877	2730	256	256
11478. 128x128	1531	2785	256	256
11586. 128x128	1531	2785	256	256
12319. 128x128	2802	3640	256	256
12455. 128x128	1146	1824	256	256
12829. 128x128	757	2848	256	256
13031. 128x128	1472	934	256	256
13673. 128x128	1295	2689	256	256
14125. 128x128	3259	883	256	256
14678. 128x128	3729	1304	256	256
14529. 128x128	3445	1991	256	256
14853. 128x128	3729	1304	256	256
14893. 128x128	2374	147	256	256
15254. 128x128	894	1646	256	256
