487. 128x128	1694	2983	256	256
1019. 128x128	2978	2830	256	256
1264. 128x128	298	3778	256	256
198. 128x128	3533	1416	256	256
582. 128x128	656	3763	256	256
1773. 128x128	54	3101	256	256
2021. 128x128	1732	633	256	256
2751. 128x128	1925	767	256	256
3276. 128x128	1380	2813	256	256
4028. 128x128	108	88	256	256
3957. 128x128	1381	606	256	256
4188. 128x128	1235	2171	256	256
4136. 128x128	834	2318	256	256
5041. 128x128	1783	1195	256	256
5240. 128x128	480	2450	256	256
5490. 128x128	2196	1523	256	256
5790. 128x128	516	1272	256	256
6389. 128x128	958	692	256	256
6299. 128x128	234	1224	256	256
6690. 128x128	1992	2892	256	256
6566. 128x128	3119	1461	256	256
7284. 128x128	101	2078	256	256
7497. 128x128	1244	3510	256	256
7848. 128x128	3608	1141	256	256
8917. 128x128	751	2296	256	256
10401. 128x128	3115	1092	256	256
11902. 128x128	1341	48	256	256
12123. 128x128	2881	210	256	256
12250. 128x128	2881	210	256	256
12373. 128x128	3685	123	256	256
12618. 128x128	2660	2186	256	256
13276. 128x128	85	1647	256	256
13296. 128x128	2217	3163	256	256
13412. 128x128	911	1125	256	256
13621. 128x128	1251	498	256	256
14225. 128x128	1608	1187	256	256
14684. 128x128	3779	3659	256	256
14589. 128x128	3684	411	256	256
14859. 128x128	3779	3659	256	256
