530. 128x128	3789	2668	256	256
134. 128x128	2445	257	256	256
1179. 128x128	289	2177	256	256
992. 128x128	307	3767	256	256
1387. 128x128	644	3464	256	256
1389. 128x128	902	431	256	256
1677. 128x128	783	2639	256	256
2579. 128x128	125	41	256	256
3858. 128x128	833	1178	256	256
4571. 128x128	3557	3229	256	256
4589. 128x128	143	2408	256	256
4738. 128x128	3087	1755	256	256
4847. 128x128	2838	1565	256	256
5163. 128x128	3755	362	256	256
6002. 128x128	893	2180	256	256
6102. 128x128	2989	1538	256	256
7455. 128x128	885	3207	256	256
7901. 128x128	1148	1840	256	256
7948. 128x128	1272	576	256	256
8998. 128x128	2493	2336	256	256
9916. 128x128	3395	2882	256	256
10259. 128x128	548	3221	256	256
10568. 128x128	2877	27	256	256
10821. 128x128	2992	3636	256	256
11800. 128x128	3473	125	256	256
11843. 128x128	2919	2061	256	256
12020. 128x128	1821	1177	256	256
12147. 128x128	1821	1177	256	256
12323. 128x128	665	3194	256	256
12588. 128x128	1666	2523	256	256
12942. 128x128	3709	2789	256	256
13301. 128x128	864	812	256	256
14255. 128x128	2813	1930	256	256
