656. 128x128	3024	3139	256	256
862. 128x128	1968	1317	256	256
1108. 128x128	558	3279	256	256
2184. 128x128	237	3649	256	256
3113. 128x128	1986	1227	256	256
3534. 128x128	1686	1539	256	256
4452. 128x128	2866	1836	256	256
4978. 128x128	3431	587	256	256
6067. 128x128	2563	3604	256	256
6127. 128x128	1578	3111	256	256
6548. 128x128	3134	3374	256	256
6923. 128x128	1198	35	256	256
7316. 128x128	3573	1299	256	256
7477. 128x128	1484	946	256	256
7693. 128x128	1505	2797	256	256
8001. 128x128	3477	2107	256	256
8437. 128x128	3240	1581	256	256
8296. 128x128	1518	2896	256	256
9397. 128x128	2898	2962	256	256
9621. 128x128	732	1098	256	256
10241. 128x128	428	606	256	256
11318. 128x128	1044	1197	256	256
11329. 128x128	2438	2672	256	256
12008. 128x128	1705	3565	256	256
12587. 128x128	1419	2196	256	256
12885. 128x128	1653	553	256	256
14222. 128x128	1417	3376	256	256
14907. 128x128	3141	370	256	256
14997. 128x128	1808	2100	256	256
15091. 128x128	1798	2099	256	256
