702. 128x128	2217	774	256	256
1378. 128x128	881	1876	256	256
2293. 128x128	980	588	256	256
2438. 128x128	3582	3007	256	256
2006. 128x128	1907	896	256	256
3062. 128x128	2973	2385	256	256
3444. 128x128	529	1851	256	256
4850. 128x128	1821	3027	256	256
5276. 128x128	626	3159	256	256
5665. 128x128	3250	398	256	256
5913. 128x128	82	2763	256	256
6109. 128x128	1266	2114	256	256
6451. 128x128	1379	932	256	256
6702. 128x128	1050	1439	256	256
7248. 128x128	2267	2582	256	256
7858. 128x128	2042	32	256	256
7727. 128x128	3405	1603	256	256
8018. 128x128	406	2874	256	256
8337. 128x128	3244	1259	256	256
8537. 128x128	990	92	256	256
10032. 128x128	3525	625	256	256
9938. 128x128	2253	2133	256	256
10147. 128x128	168	3602	256	256
11215. 128x128	920	2883	256	256
12135. 128x128	2755	313	256	256
12262. 128x128	2755	313	256	256
12582. 128x128	427	2874	256	256
14373. 128x128	3128	1931	256	256
15088. 128x128	723	826	256	256
