195. 128x128	2554	2771	256	256
664. 128x128	3647	3300	256	256
779. 128x128	3007	3500	256	256
1514. 128x128	3415	389	256	256
1543. 128x128	2828	2380	256	256
2009. 128x128	551	3112	256	256
3138. 128x128	926	2085	256	256
4268. 128x128	463	2272	256	256
5095. 128x128	1029	3269	256	256
5747. 128x128	1492	2996	256	256
5954. 128x128	2855	1683	256	256
6336. 128x128	974	1022	256	256
6493. 128x128	1747	780	256	256
9885. 128x128	1071	3759	256	256
10127. 128x128	314	1809	256	256
10734. 128x128	3288	497	256	256
13765. 128x128	3080	2103	256	256
14265. 128x128	3267	3733	256	256
14469. 128x128	1947	2328	256	256
15033. 128x128	1740	1150	256	256
15145. 128x128	3833	2319	256	256
