390. 128x128	423	1094	256	256
596. 128x128	687	1106	256	256
1756. 128x128	2675	31	256	256
2118. 128x128	1488	1194	256	256
4093. 128x128	3651	3773	256	256
4219. 128x128	1545	2547	256	256
4567. 128x128	1791	804	256	256
4618. 128x128	1792	955	256	256
5894. 128x128	2409	1424	256	256
7660. 128x128	3031	1067	256	256
8440. 128x128	1446	246	256	256
9497. 128x128	3123	865	256	256
10105. 128x128	2477	951	256	256
10218. 128x128	2368	1736	256	256
10257. 128x128	682	1638	256	256
11331. 128x128	3793	2113	256	256
13076. 128x128	2660	3253	256	256
15011. 128x128	2022	3112	256	256
15307. 128x128	2193	2204	256	256
