240. 128x128	3484	2517	256	256
924. 128x128	3684	1898	256	256
2713. 128x128	2733	144	256	256
3003. 128x128	3483	1184	256	256
3007. 128x128	737	1927	256	256
3644. 128x128	1481	523	256	256
3714. 128x128	675	2893	256	256
3723. 128x128	2757	1138	256	256
4177. 128x128	2779	2951	256	256
4792. 128x128	2827	191	256	256
5000. 128x128	874	2660	256	256
5319. 128x128	1074	2610	256	256
6357. 128x128	1783	2478	256	256
6315. 128x128	2610	551	256	256
6428. 128x128	2691	3585	256	256
6666. 128x128	352	579	256	256
8565. 128x128	210	1864	256	256
8498. 128x128	3490	2651	256	256
8808. 128x128	231	1723	256	256
9105. 128x128	788	851	256	256
10467. 128x128	2957	719	256	256
10981. 128x128	2562	498	256	256
11390. 128x128	2450	2525	256	256
13103. 128x128	1891	2898	256	256
14856. 128x128	1226	3355	256	256
15176. 128x128	901	158	256	256
15312. 128x128	3230	2425	256	256
