551. 128x128	3445	700	256	256
428. 128x128	2847	339	256	256
177. 128x128	3170	2526	256	256
1985. 128x128	1062	3343	256	256
2727. 128x128	3216	724	256	256
6165. 128x128	2731	2177	256	256
7415. 128x128	1340	2497	256	256
7437. 128x128	1466	2491	256	256
7562. 128x128	2186	2651	256	256
7781. 128x128	3140	1001	256	256
8017. 128x128	115	329	256	256
8115. 128x128	1695	3179	256	256
8512. 128x128	77	1287	256	256
9031. 128x128	359	3301	256	256
9193. 128x128	329	756	256	256
9875. 128x128	3677	940	256	256
10276. 128x128	1984	2662	256	256
11216. 128x128	2418	3316	256	256
11121. 128x128	1695	3179	256	256
11489. 128x128	3219	2348	256	256
11597. 128x128	3219	2348	256	256
12017. 128x128	1455	1472	256	256
12144. 128x128	1455	1472	256	256
12478. 128x128	1234	2948	256	256
12783. 128x128	1563	2675	256	256
