336. 128x128	138	1354	256	256
682. 128x128	714	939	256	256
1484. 128x128	2555	1244	256	256
2490. 128x128	2567	1353	256	256
2397. 128x128	1952	1778	256	256
2532. 128x128	2146	2907	256	256
2844. 128x128	3508	1360	256	256
3531. 128x128	2745	215	256	256
4270. 128x128	240	36	256	256
4811. 128x128	2618	2330	256	256
5098. 128x128	910	3032	256	256
5109. 128x128	2488	298	256	256
5322. 128x128	3397	3304	256	256
5718. 128x128	2275	2920	256	256
5925. 128x128	1258	2370	256	256
6505. 128x128	3686	366	256	256
7074. 128x128	2756	2671	256	256
7095. 128x128	827	431	256	256
7451. 128x128	2646	851	256	256
8054. 128x128	3462	818	256	256
8718. 128x128	2798	2009	256	256
8651. 128x128	1446	3455	256	256
9832. 128x128	2237	1828	256	256
10326. 128x128	2418	1930	256	256
10571. 128x128	1692	2742	256	256
11059. 128x128	3462	818	256	256
11929. 128x128	1059	1108	256	256
12394. 128x128	3537	2855	256	256
13078. 128x128	313	894	256	256
13915. 128x128	1683	1559	256	256
14864. 128x128	742	3138	256	256
15328. 128x128	519	507	256	256
