574. 128x128	194	3739	256	256
690. 128x128	240	798	256	256
708. 128x128	3001	3648	256	256
602. 128x128	622	2647	256	256
169. 128x128	879	3180	256	256
1374. 128x128	246	2330	256	256
2077. 128x128	3607	1984	256	256
2461. 128x128	2306	3096	256	256
4293. 128x128	3625	123	256	256
4764. 128x128	2906	515	256	256
4837. 128x128	573	1474	256	256
5087. 128x128	2830	2167	256	256
5403. 128x128	125	351	256	256
6057. 128x128	384	2911	256	256
6736. 128x128	1050	2234	256	256
7104. 128x128	179	1498	256	256
8257. 128x128	1488	2477	256	256
8657. 128x128	158	487	256	256
9245. 128x128	2233	2524	256	256
9576. 128x128	2587	709	256	256
10153. 128x128	1427	3230	256	256
10205. 128x128	2015	507	256	256
11338. 128x128	2838	2085	256	256
11477. 128x128	782	1424	256	256
11585. 128x128	782	1424	256	256
14251. 128x128	1961	3048	256	256
14386. 128x128	2246	485	256	256
14732. 128x128	1883	394	256	256
