566. 128x128	1918	573	256	256
737. 128x128	681	1275	256	256
871. 128x128	1027	1444	256	256
62. 128x128	830	2983	256	256
79. 128x128	2077	1987	256	256
2082. 128x128	406	1666	256	256
2402. 128x128	2131	1346	256	256
2881. 128x128	1440	217	256	256
2916. 128x128	3118	1504	256	256
3856. 128x128	1501	2062	256	256
4178. 128x128	1936	3121	256	256
4105. 128x128	813	2907	256	256
4915. 128x128	1338	723	256	256
4928. 128x128	2202	3087	256	256
6473. 128x128	1729	486	256	256
6587. 128x128	2113	3442	256	256
6594. 128x128	795	2088	256	256
7049. 128x128	2815	3762	256	256
8514. 128x128	2806	1876	256	256
8806. 128x128	1574	2274	256	256
9242. 128x128	886	363	256	256
10438. 128x128	2656	1897	256	256
12812. 128x128	650	972	256	256
13455. 128x128	2352	140	256	256
13847. 128x128	1224	451	256	256
14546. 128x128	3068	1705	256	256
14950. 128x128	3213	2713	256	256
15300. 128x128	1737	1653	256	256
