316. 128x128	1889	3751	256	256
467. 128x128	3292	2350	256	256
681. 128x128	2776	1533	256	256
1225. 128x128	3594	1615	256	256
2791. 128x128	2658	1258	256	256
3211. 128x128	2658	3351	256	256
3830. 128x128	1037	3124	256	256
5107. 128x128	2897	439	256	256
5669. 128x128	2027	1783	256	256
5850. 128x128	1104	1718	256	256
6115. 128x128	1084	1908	256	256
6365. 128x128	3240	1309	256	256
6370. 128x128	681	3761	256	256
6295. 128x128	1892	3061	256	256
6536. 128x128	55	601	256	256
7033. 128x128	2352	1708	256	256
7809. 128x128	1628	1996	256	256
8341. 128x128	3335	2215	256	256
8681. 128x128	3519	565	256	256
10137. 128x128	1892	3749	256	256
10893. 128x128	1177	3227	256	256
11263. 128x128	1062	358	256	256
11346. 128x128	1381	1635	256	256
11714. 128x128	2403	2094	256	256
11856. 128x128	3706	1113	256	256
12037. 128x128	1009	2099	256	256
12114. 128x128	1984	461	256	256
12164. 128x128	1009	2099	256	256
12241. 128x128	1984	461	256	256
12990. 128x128	1680	1552	256	256
13401. 128x128	1557	2307	256	256
13442. 128x128	412	1069	256	256
14213. 128x128	2625	1277	256	256
14438. 128x128	3038	236	256	256
15209. 128x128	3215	1525	256	256
15230. 128x128	938	1503	256	256
