707. 128x128	2466	1962	256	256
684. 128x128	2272	2762	256	256
1136. 128x128	753	3310	256	256
209. 128x128	429	2430	256	256
1604. 128x128	3141	1639	256	256
1857. 128x128	2865	2702	256	256
2058. 128x128	117	1641	256	256
4290. 128x128	2022	1877	256	256
4427. 128x128	3022	1809	256	256
4998. 128x128	2324	3612	256	256
5229. 128x128	3090	60	256	256
5394. 128x128	1635	1978	256	256
7556. 128x128	2090	3808	256	256
7747. 128x128	3291	3263	256	256
8087. 128x128	445	3550	256	256
8093. 128x128	215	2730	256	256
8319. 128x128	2083	3239	256	256
9923. 128x128	3071	1526	256	256
10558. 128x128	112	3692	256	256
11092. 128x128	445	3550	256	256
11099. 128x128	215	2730	256	256
12070. 128x128	1198	3661	256	256
12197. 128x128	1198	3661	256	256
12717. 128x128	1815	1015	256	256
15124. 128x128	969	1113	256	256
