661. 128x128	2432	2685	256	256
222. 128x128	889	3676	256	256
783. 128x128	300	377	256	256
1574. 128x128	3571	247	256	256
1453. 128x128	3269	1277	256	256
2323. 128x128	1717	2752	256	256
2197. 128x128	3585	3108	256	256
3227. 128x128	1938	1427	256	256
3455. 128x128	1419	2844	256	256
3570. 128x128	393	136	256	256
3904. 128x128	1215	3425	256	256
3941. 128x128	3139	2957	256	256
4859. 128x128	3768	1037	256	256
5456. 128x128	1200	2496	256	256
5495. 128x128	2631	3535	256	256
7502. 128x128	3794	2716	256	256
7373. 128x128	2959	2771	256	256
7914. 128x128	903	2767	256	256
8446. 128x128	1044	3641	256	256
9730. 128x128	625	2343	256	256
10500. 128x128	1012	3132	256	256
10892. 128x128	1413	3295	256	256
10963. 128x128	2572	154	256	256
11414. 128x128	2563	3684	256	256
11834. 128x128	2336	932	256	256
12888. 128x128	2745	3409	256	256
13397. 128x128	1985	31	256	256
13369. 128x128	1797	1965	256	256
13633. 128x128	633	3657	256	256
14178. 128x128	3091	833	256	256
