168. 128x128	3022	3021	256	256
363. 128x128	1061	3681	256	256
1333. 128x128	50	3820	256	256
1414. 128x128	514	3577	256	256
1771. 128x128	3565	925	256	256
2617. 128x128	783	2878	256	256
2871. 128x128	3659	1759	256	256
2760. 128x128	2762	3820	256	256
2689. 128x128	1064	2080	256	256
3171. 128x128	3061	2000	256	256
3254. 128x128	3061	2000	256	256
3302. 128x128	1891	3437	256	256
3434. 128x128	2563	1298	256	256
4063. 128x128	646	2034	256	256
3954. 128x128	2520	2375	256	256
4182. 128x128	1632	2695	256	256
5194. 128x128	627	1542	256	256
5730. 128x128	1876	2255	256	256
7201. 128x128	1708	273	256	256
7609. 128x128	3379	1568	256	256
7618. 128x128	708	1243	256	256
7683. 128x128	3783	752	256	256
8696. 128x128	653	613	256	256
10328. 128x128	2334	489	256	256
10536. 128x128	3010	1387	256	256
11232. 128x128	2387	3747	256	256
12560. 128x128	1196	2631	256	256
12733. 128x128	2345	3696	256	256
12856. 128x128	1196	2631	256	256
13021. 128x128	1947	3628	256	256
13025. 128x128	311	3419	256	256
13822. 128x128	463	2172	256	256
14306. 128x128	177	334	256	256
