600. 128x128	3429	3763	256	256
441. 128x128	3367	1139	256	256
224. 128x128	2422	3433	256	256
404. 128x128	585	2640	256	256
1024. 128x128	2085	3025	256	256
716. 128x128	3128	1860	256	256
1211. 128x128	1590	282	256	256
910. 128x128	3570	2979	256	256
164. 128x128	3581	2388	256	256
1641. 128x128	1526	1973	256	256
1827. 128x128	2832	1087	256	256
2246. 128x128	3465	2409	256	256
2410. 128x128	1348	1766	256	256
2667. 128x128	188	660	256	256
3846. 128x128	2054	2674	256	256
4024. 128x128	2919	1311	256	256
4297. 128x128	499	3216	256	256
4586. 128x128	2740	407	256	256
4817. 128x128	2938	863	256	256
5058. 128x128	340	3300	256	256
5063. 128x128	2299	1389	256	256
5869. 128x128	3442	519	256	256
8732. 128x128	1898	1883	256	256
9285. 128x128	2685	3629	256	256
9505. 128x128	952	3384	256	256
10162. 128x128	1356	727	256	256
10778. 128x128	113	598	256	256
11823. 128x128	2747	449	256	256
11868. 128x128	2324	795	256	256
13398. 128x128	2055	2337	256	256
14301. 128x128	2550	1021	256	256
