541. 128x128	3693	1462	256	256
24. 128x128	843	3122	256	256
1180. 128x128	480	603	256	256
1182. 128x128	1921	2440	256	256
1341. 128x128	2064	3333	256	256
1381. 128x128	1488	3116	256	256
2847. 128x128	3029	3295	256	256
2800. 128x128	2677	382	256	256
4309. 128x128	480	2737	256	256
4395. 128x128	1001	3086	256	256
4108. 128x128	3669	2077	256	256
5019. 128x128	1634	3035	256	256
5622. 128x128	2665	1248	256	256
8034. 128x128	3517	3786	256	256
8418. 128x128	3381	3308	256	256
8281. 128x128	2106	898	256	256
8988. 128x128	2226	1508	256	256
9137. 128x128	2741	3530	256	256
9298. 128x128	3676	282	256	256
9653. 128x128	2495	785	256	256
10157. 128x128	70	2906	256	256
10240. 128x128	1562	3503	256	256
10504. 128x128	3522	2270	256	256
10708. 128x128	183	3098	256	256
11038. 128x128	3517	3786	256	256
11019. 128x128	2481	3183	256	256
11706. 128x128	244	2529	256	256
12676. 128x128	1506	3441	256	256
13322. 128x128	1204	2249	256	256
13632. 128x128	1388	1530	256	256
13854. 128x128	3021	1939	256	256
13987. 128x128	3800	543	256	256
14277. 128x128	2913	1209	256	256
14455. 128x128	1412	3677	256	256
