496. 128x128	1604	2872	256	256
445. 128x128	246	1870	256	256
1298. 128x128	1015	120	256	256
1455. 128x128	2076	76	256	256
2053. 128x128	249	244	256	256
2117. 128x128	823	1112	256	256
5907. 128x128	1265	72	256	256
8079. 128x128	2364	718	256	256
8172. 128x128	1495	2743	256	256
8854. 128x128	869	1082	256	256
9042. 128x128	2420	2661	256	256
9837. 128x128	2912	3123	256	256
10995. 128x128	3790	2490	256	256
11085. 128x128	2364	718	256	256
12352. 128x128	1725	1321	256	256
12694. 128x128	1343	1008	256	256
14182. 128x128	3594	1184	256	256
14138. 128x128	3753	2572	256	256
