532. 128x128	1468	2744	256	256
31. 128x128	2996	3490	256	256
338. 128x128	793	1793	256	256
366. 128x128	1843	1896	256	256
308. 128x128	955	210	256	256
531. 128x128	2836	2075	256	256
195. 128x128	2554	2771	256	256
1373. 128x128	1441	3424	256	256
1887. 128x128	1748	2886	256	256
3661. 128x128	3657	2274	256	256
3710. 128x128	3148	2992	256	256
3460. 128x128	1811	2680	256	256
3944. 128x128	3181	969	256	256
6188. 128x128	319	1481	256	256
6562. 128x128	2314	2565	256	256
7749. 128x128	658	2964	256	256
8372. 128x128	3219	3677	256	256
8441. 128x128	126	1590	256	256
8459. 128x128	1294	3821	256	256
8646. 128x128	2363	2667	256	256
9329. 128x128	1264	3599	256	256
11707. 128x128	3699	2436	256	256
11850. 128x128	2343	2692	256	256
11949. 128x128	1554	3185	256	256
13466. 128x128	1062	1554	256	256
13781. 128x128	2979	1105	256	256
14059. 128x128	1518	806	256	256
14385. 128x128	643	2891	256	256
15139. 128x128	61	665	256	256
15309. 128x128	2421	3542	256	256
