388. 128x128	769	1007	256	256
15. 128x128	1608	665	256	256
50. 128x128	132	892	256	256
227. 128x128	2970	3359	256	256
1076. 128x128	52	238	256	256
126. 128x128	2621	912	256	256
1737. 128x128	2722	2621	256	256
2147. 128x128	1749	2410	256	256
2162. 128x128	3586	2749	256	256
2517. 128x128	3292	1450	256	256
3142. 128x128	3043	3080	256	256
3392. 128x128	116	1732	256	256
3823. 128x128	3486	50	256	256
4154. 128x128	950	1557	256	256
4564. 128x128	2418	1374	256	256
5293. 128x128	116	2978	256	256
5296. 128x128	1646	2855	256	256
6571. 128x128	2165	2441	256	256
6942. 128x128	1101	1888	256	256
7070. 128x128	3065	195	256	256
7792. 128x128	153	2693	256	256
7926. 128x128	679	717	256	256
9431. 128x128	2685	3241	256	256
9897. 128x128	179	2259	256	256
10252. 128x128	42	3743	256	256
10450. 128x128	3195	2551	256	256
11351. 128x128	1314	188	256	256
11657. 128x128	259	1402	256	256
12025. 128x128	2427	3187	256	256
12152. 128x128	2427	3187	256	256
12781. 128x128	2446	1207	256	256
13918. 128x128	672	1223	256	256
