219. 128x128	349	3581	256	256
678. 128x128	3506	3313	256	256
1384. 128x128	201	272	256	256
1558. 128x128	3164	3666	256	256
3177. 128x128	3364	645	256	256
4460. 128x128	477	284	256	256
5753. 128x128	803	71	256	256
5770. 128x128	1199	610	256	256
5808. 128x128	533	1704	256	256
6637. 128x128	1581	1897	256	256
6768. 128x128	532	1190	256	256
6605. 128x128	2373	2014	256	256
7097. 128x128	1951	2865	256	256
7136. 128x128	2132	1866	256	256
8233. 128x128	281	531	256	256
8454. 128x128	2274	2897	256	256
12789. 128x128	3648	3761	256	256
15059. 128x128	2348	138	256	256
