157. 128x128	1077	1210	256	256
14. 128x128	557	1576	256	256
1382. 128x128	1662	412	256	256
1904. 128x128	2219	1901	256	256
2267. 128x128	2968	2094	256	256
2507. 128x128	832	325	256	256
3390. 128x128	3107	2232	256	256
3683. 128x128	3503	2853	256	256
5984. 128x128	3054	1132	256	256
7073. 128x128	910	1748	256	256
9687. 128x128	3758	1176	256	256
10316. 128x128	944	281	256	256
10321. 128x128	483	3670	256	256
12369. 128x128	2118	3019	256	256
13654. 128x128	1834	1991	256	256
13702. 128x128	1339	285	256	256
13931. 128x128	1379	3346	256	256
14539. 128x128	3161	1402	256	256
