446. 128x128	2600	534	256	256
724. 128x128	128	232	256	256
954. 128x128	3229	1418	256	256
1690. 128x128	3283	2528	256	256
2840. 128x128	1295	971	256	256
2822. 128x128	1905	131	256	256
3212. 128x128	3177	2136	256	256
4781. 128x128	3006	3725	256	256
5014. 128x128	1872	2490	256	256
5306. 128x128	3136	1760	256	256
5365. 128x128	369	1211	256	256
6040. 128x128	2519	863	256	256
6216. 128x128	3363	3493	256	256
6748. 128x128	1579	1963	256	256
8703. 128x128	3211	2705	256	256
9185. 128x128	119	2972	256	256
9467. 128x128	1112	3239	256	256
11241. 128x128	2526	2886	256	256
12719. 128x128	503	1070	256	256
12989. 128x128	810	1764	256	256
13067. 128x128	513	1399	256	256
14136. 128x128	606	1380	256	256
14573. 128x128	3591	2085	256	256
15287. 128x128	3585	3230	256	256
