564. 128x128	3822	963	256	256
1427. 128x128	2002	230	256	256
1644. 128x128	3205	2326	256	256
2093. 128x128	1584	2850	256	256
2545. 128x128	991	2576	256	256
2992. 128x128	1543	1462	256	256
3078. 128x128	1636	1701	256	256
3779. 128x128	906	295	256	256
3914. 128x128	1003	315	256	256
4778. 128x128	3568	3332	256	256
5202. 128x128	2379	2849	256	256
6149. 128x128	1703	2879	256	256
6155. 128x128	2931	3071	256	256
6159. 128x128	2583	1293	256	256
6776. 128x128	3551	2941	256	256
8110. 128x128	1013	109	256	256
8350. 128x128	2865	2259	256	256
8519. 128x128	3589	1421	256	256
9437. 128x128	3517	1666	256	256
9624. 128x128	1543	2996	256	256
10010. 128x128	3707	2623	256	256
10345. 128x128	2813	2429	256	256
10555. 128x128	3141	3051	256	256
11116. 128x128	1013	109	256	256
13721. 128x128	2072	544	256	256
15123. 128x128	1387	1502	256	256
