500. 128x128	3829	2332	256	256
156. 128x128	1099	1786	256	256
941. 128x128	319	717	256	256
1814. 128x128	3138	3663	256	256
2664. 128x128	1951	3205	256	256
3828. 128x128	991	3756	256	256
5221. 128x128	2510	2322	256	256
5523. 128x128	2953	3049	256	256
5410. 128x128	3198	1877	256	256
5771. 128x128	1232	222	256	256
6294. 128x128	3262	2766	256	256
7836. 128x128	2198	1999	256	256
7958. 128x128	2522	3796	256	256
8509. 128x128	2243	1024	256	256
9695. 128x128	3599	273	256	256
10346. 128x128	3063	2825	256	256
11461. 128x128	2088	1890	256	256
11569. 128x128	2088	1890	256	256
12295. 128x128	1473	1968	256	256
13115. 128x128	2732	782	256	256
13325. 128x128	2282	988	256	256
14677. 128x128	1351	444	256	256
