683. 128x128	2610	3076	256	256
242. 128x128	1531	3655	256	256
396. 128x128	361	1951	256	256
63. 128x128	2357	116	256	256
555. 128x128	2566	3834	256	256
2478. 128x128	541	3312	256	256
2553. 128x128	3438	2642	256	256
3454. 128x128	2870	1888	256	256
3813. 128x128	874	2033	256	256
4296. 128x128	3131	2635	256	256
4984. 128x128	1441	1963	256	256
5071. 128x128	2640	3836	256	256
5871. 128x128	2461	3201	256	256
6944. 128x128	1022	12	256	256
6874. 128x128	108	1861	256	256
7611. 128x128	1325	1803	256	256
7709. 128x128	3773	1588	256	256
8324. 128x128	1323	343	256	256
9214. 128x128	2633	233	256	256
9611. 128x128	1756	3163	256	256
9887. 128x128	254	1836	256	256
11421. 128x128	132	1094	256	256
11472. 128x128	2529	912	256	256
12470. 128x128	670	3218	256	256
13084. 128x128	2572	2189	256	256
14067. 128x128	3740	3660	256	256
14159. 128x128	2412	2487	256	256
14076. 128x128	2712	204	256	256
14102. 128x128	1503	726	256	256
15008. 128x128	2543	2790	256	256
15024. 128x128	1186	1458	256	256
