642. 128x128	2793	2992	256	256
211. 128x128	3562	2311	256	256
1281. 128x128	1737	1800	256	256
1336. 128x128	1381	3475	256	256
1591. 128x128	160	3754	256	256
3130. 128x128	3067	1877	256	256
4503. 128x128	1234	2206	256	256
5051. 128x128	162	2301	256	256
5549. 128x128	2288	326	256	256
8748. 128x128	2827	3621	256	256
11246. 128x128	1951	2052	256	256
12896. 128x128	1497	2512	256	256
13055. 128x128	1117	801	256	256
13365. 128x128	3831	403	256	256
13945. 128x128	1596	2416	256	256
14353. 128x128	538	167	256	256
14471. 128x128	1153	1913	256	256
