297. 128x128	1803	1220	256	256
141. 128x128	73	318	256	256
1444. 128x128	1732	2164	256	256
1845. 128x128	3406	2535	256	256
1781. 128x128	951	217	256	256
2146. 128x128	335	3737	256	256
2395. 128x128	724	3057	256	256
2753. 128x128	3001	3586	256	256
4770. 128x128	3031	1934	256	256
5020. 128x128	175	2589	256	256
6316. 128x128	3443	731	256	256
7193. 128x128	1333	3781	256	256
7374. 128x128	1068	88	256	256
8164. 128x128	3475	678	256	256
8803. 128x128	2618	2089	256	256
8844. 128x128	616	1371	256	256
9363. 128x128	824	3142	256	256
9933. 128x128	761	2000	256	256
10572. 128x128	221	2562	256	256
11170. 128x128	3475	678	256	256
12585. 128x128	1513	638	256	256
14215. 128x128	1146	2298	256	256
14151. 128x128	1653	2505	256	256
14640. 128x128	235	619	256	256
14566. 128x128	2610	112	256	256
