272. 128x128	2714	1926	256	256
259. 128x128	3706	1341	256	256
1218. 128x128	539	2971	256	256
1154. 128x128	1135	102	256	256
3668. 128x128	3523	1600	256	256
4599. 128x128	2157	209	256	256
4647. 128x128	1302	326	256	256
5057. 128x128	2320	2986	256	256
5564. 128x128	1010	1626	256	256
6123. 128x128	1554	2573	256	256
7296. 128x128	3642	60	256	256
7740. 128x128	3237	653	256	256
9151. 128x128	1275	3784	256	256
9174. 128x128	3046	340	256	256
9629. 128x128	3375	2400	256	256
10521. 128x128	1796	2632	256	256
10731. 128x128	3362	2704	256	256
10839. 128x128	2019	90	256	256
12103. 128x128	3770	1118	256	256
12230. 128x128	3770	1118	256	256
12342. 128x128	1724	586	256	256
12863. 128x128	2365	3088	256	256
13457. 128x128	1533	720	256	256
13653. 128x128	3212	2954	256	256
14176. 128x128	2415	2027	256	256
14279. 128x128	3575	3509	256	256
14422. 128x128	2645	3061	256	256
14555. 128x128	2675	407	256	256
15241. 128x128	3683	1699	256	256
