104. 128x128	2341	2912	256	256
60. 128x128	1529	1448	256	256
595. 128x128	2321	657	256	256
626. 128x128	3196	3360	256	256
1422. 128x128	2033	412	256	256
1745. 128x128	1590	1183	256	256
2573. 128x128	3823	1530	256	256
2583. 128x128	3191	1147	256	256
2983. 128x128	3027	2780	256	256
4364. 128x128	2443	928	256	256
4683. 128x128	3029	1015	256	256
4709. 128x128	3641	3167	256	256
6263. 128x128	3331	242	256	256
6302. 128x128	2620	1901	256	256
7301. 128x128	1160	860	256	256
7214. 128x128	1776	1908	256	256
7226. 128x128	2549	1447	256	256
8904. 128x128	427	2301	256	256
9283. 128x128	3822	3828	256	256
9206. 128x128	1600	2214	256	256
9614. 128x128	268	2345	256	256
9862. 128x128	640	674	256	256
10013. 128x128	209	605	256	256
12756. 128x128	3391	668	256	256
12682. 128x128	1152	3753	256	256
12835. 128x128	3643	3648	256	256
13306. 128x128	3625	1596	256	256
13464. 128x128	3568	3191	256	256
14756. 128x128	1269	3569	256	256
15219. 128x128	3629	3680	256	256
