629. 128x128	346	245	256	256
452. 128x128	2929	2098	256	256
527. 128x128	2436	1203	256	256
1567. 128x128	166	252	256	256
1815. 128x128	3600	935	256	256
2270. 128x128	2431	3315	256	256
2739. 128x128	899	123	256	256
2993. 128x128	2280	950	256	256
3096. 128x128	2987	479	256	256
5300. 128x128	949	2368	256	256
6082. 128x128	3547	1570	256	256
6125. 128x128	1535	2123	256	256
6906. 128x128	3632	1392	256	256
6574. 128x128	1361	2588	256	256
6989. 128x128	3565	344	256	256
7704. 128x128	579	535	256	256
7790. 128x128	3013	2229	256	256
7791. 128x128	3522	3020	256	256
8167. 128x128	2704	3764	256	256
8660. 128x128	2948	3717	256	256
9063. 128x128	427	1122	256	256
9071. 128x128	2880	3531	256	256
9702. 128x128	1701	653	256	256
10275. 128x128	468	3612	256	256
10603. 128x128	2079	422	256	256
10859. 128x128	2572	3171	256	256
12751. 128x128	726	385	256	256
13012. 128x128	175	2390	256	256
13036. 128x128	3443	3288	256	256
13070. 128x128	46	3834	256	256
13294. 128x128	974	3686	256	256
14699. 128x128	87	120	256	256
14874. 128x128	87	120	256	256
