526. 128x128	689	887	256	256
101. 128x128	2162	956	256	256
1468. 128x128	1450	2155	256	256
2978. 128x128	3156	3180	256	256
3387. 128x128	1225	3831	256	256
3658. 128x128	2348	1888	256	256
4544. 128x128	558	1234	256	256
4682. 128x128	2098	3230	256	256
5290. 128x128	3099	2387	256	256
7066. 128x128	1453	2717	256	256
7755. 128x128	1368	1696	256	256
8956. 128x128	1228	3686	256	256
9311. 128x128	3090	541	256	256
9417. 128x128	3204	2680	256	256
9689. 128x128	3011	1295	256	256
9737. 128x128	1682	987	256	256
9985. 128x128	1593	331	256	256
10825. 128x128	2627	3433	256	256
12436. 128x128	75	3319	256	256
