475. 128x128	1768	1557	256	256
640. 128x128	337	594	256	256
377. 128x128	2357	2381	256	256
144. 128x128	451	2406	256	256
964. 128x128	2437	1527	256	256
2521. 128x128	457	450	256	256
2795. 128x128	226	3303	256	256
3046. 128x128	3532	3821	256	256
3815. 128x128	2729	748	256	256
5589. 128x128	766	854	256	256
6015. 128x128	2892	2731	256	256
7494. 128x128	1886	642	256	256
8935. 128x128	3119	3777	256	256
8963. 128x128	100	10	256	256
9191. 128x128	1599	1906	256	256
10047. 128x128	183	2837	256	256
14956. 128x128	2833	1104	256	256
