569. 128x128	1722	92	256	256
697. 128x128	3238	1179	256	256
1096. 128x128	3491	1237	256	256
104. 128x128	2341	2912	256	256
969. 128x128	2125	242	256	256
1552. 128x128	559	952	256	256
1682. 128x128	3174	3314	256	256
2042. 128x128	3324	986	256	256
2102. 128x128	376	1111	256	256
3396. 128x128	1253	3684	256	256
3764. 128x128	532	982	256	256
3857. 128x128	2408	3638	256	256
4012. 128x128	1405	1326	256	256
4289. 128x128	455	117	256	256
4689. 128x128	2600	1486	256	256
4987. 128x128	2368	2601	256	256
5448. 128x128	1071	615	256	256
5741. 128x128	1616	935	256	256
5975. 128x128	3603	354	256	256
7823. 128x128	821	723	256	256
8934. 128x128	1658	1756	256	256
9508. 128x128	3548	521	256	256
9572. 128x128	308	1086	256	256
10865. 128x128	2370	1497	256	256
12282. 128x128	3681	3358	256	256
12356. 128x128	1963	2574	256	256
13669. 128x128	986	1414	256	256
13760. 128x128	3511	3250	256	256
13726. 128x128	1286	1249	256	256
13857. 128x128	3151	1578	256	256
