558. 128x128	2016	179	256	256
330. 128x128	659	167	256	256
369. 128x128	2905	1624	256	256
1478. 128x128	542	2711	256	256
2242. 128x128	3187	2157	256	256
2106. 128x128	711	857	256	256
2013. 128x128	3815	2369	256	256
2348. 128x128	2021	1594	256	256
2778. 128x128	729	690	256	256
4126. 128x128	3829	3629	256	256
5113. 128x128	1571	1404	256	256
5336. 128x128	1919	299	256	256
5653. 128x128	3243	2770	256	256
7805. 128x128	3729	2100	256	256
9314. 128x128	3659	531	256	256
9580. 128x128	234	657	256	256
9772. 128x128	3572	3768	256	256
9976. 128x128	1744	906	256	256
10408. 128x128	2038	2811	256	256
12681. 128x128	3687	3106	256	256
13711. 128x128	2044	1916	256	256
14891. 128x128	600	2687	256	256
15131. 128x128	594	852	256	256
