507. 128x128	3493	334	256	256
3824. 128x128	1865	2451	256	256
4408. 128x128	1262	848	256	256
4107. 128x128	35	2695	256	256
5094. 128x128	3779	2766	256	256
5100. 128x128	3284	3351	256	256
6088. 128x128	1519	3647	256	256
7883. 128x128	2048	3035	256	256
9002. 128x128	857	150	256	256
9567. 128x128	892	3382	256	256
10081. 128x128	1833	764	256	256
10764. 128x128	82	1669	256	256
11187. 128x128	88	903	256	256
11392. 128x128	614	2023	256	256
11436. 128x128	1395	3705	256	256
11487. 128x128	975	452	256	256
11511. 128x128	3368	2753	256	256
11592. 128x128	1582	1921	256	256
11595. 128x128	975	452	256	256
11622. 128x128	3368	2753	256	256
12062. 128x128	3442	3810	256	256
12189. 128x128	3442	3810	256	256
13162. 128x128	453	1455	256	256
13501. 128x128	453	1455	256	256
13652. 128x128	2634	1733	256	256
14278. 128x128	456	2455	256	256
