531. 128x128	2836	2075	256	256
110. 128x128	2418	2252	256	256
2110. 128x128	3159	2127	256	256
2570. 128x128	3731	1383	256	256
3329. 128x128	1591	3382	256	256
3558. 128x128	782	2222	256	256
6472. 128x128	1046	294	256	256
6488. 128x128	3536	2217	256	256
7130. 128x128	1580	2211	256	256
9084. 128x128	576	626	256	256
9671. 128x128	3634	2971	256	256
9710. 128x128	2612	2781	256	256
12758. 128x128	3788	2594	256	256
12644. 128x128	1378	1223	256	256
13478. 128x128	1774	1901	256	256
14198. 128x128	3066	2537	256	256
15218. 128x128	3819	1889	256	256
