15. 128x128	1608	665	256	256
336. 128x128	138	1354	256	256
1122. 128x128	874	3804	256	256
1469. 128x128	1792	772	256	256
2338. 128x128	2392	367	256	256
2190. 128x128	1784	2228	256	256
2167. 128x128	118	3379	256	256
3318. 128x128	2713	3766	256	256
3663. 128x128	1600	1711	256	256
5712. 128x128	2610	133	256	256
6275. 128x128	302	618	256	256
6538. 128x128	3358	1739	256	256
6621. 128x128	1568	2157	256	256
9593. 128x128	3127	3041	256	256
10490. 128x128	404	2780	256	256
13352. 128x128	1550	2980	256	256
