677. 128x128	2808	2536	256	256
39. 128x128	314	3108	256	256
982. 128x128	601	1211	256	256
581. 128x128	1598	137	256	256
2358. 128x128	176	498	256	256
2796. 128x128	261	3671	256	256
3063. 128x128	3100	867	256	256
3550. 128x128	938	956	256	256
3970. 128x128	1750	291	256	256
4248. 128x128	335	720	256	256
6506. 128x128	1995	1602	256	256
6856. 128x128	2392	1506	256	256
7506. 128x128	367	226	256	256
7675. 128x128	3328	3394	256	256
8071. 128x128	3654	3167	256	256
8702. 128x128	2436	2530	256	256
8877. 128x128	169	3252	256	256
9770. 128x128	1142	3051	256	256
10067. 128x128	1782	3572	256	256
10442. 128x128	3409	358	256	256
10848. 128x128	1595	3379	256	256
11077. 128x128	3654	3167	256	256
12048. 128x128	805	1227	256	256
12175. 128x128	805	1227	256	256
12383. 128x128	1246	3021	256	256
12623. 128x128	135	3409	256	256
12669. 128x128	897	1076	256	256
13237. 128x128	987	578	256	256
13242. 128x128	424	1135	256	256
13576. 128x128	987	578	256	256
13581. 128x128	424	1135	256	256
13438. 128x128	1517	3437	256	256
14610. 128x128	312	2405	256	256
