412. 128x128	516	3501	256	256
1916. 128x128	2225	2795	256	256
1808. 128x128	1720	3316	256	256
2256. 128x128	2301	760	256	256
2139. 128x128	820	329	256	256
2367. 128x128	1063	3577	256	256
2511. 128x128	2073	1075	256	256
4071. 128x128	2471	837	256	256
3989. 128x128	2273	445	256	256
4651. 128x128	2	395	256	256
5144. 128x128	3766	462	256	256
5416. 128x128	3239	3184	256	256
5716. 128x128	449	2206	256	256
7037. 128x128	2474	3104	256	256
7895. 128x128	930	1458	256	256
8053. 128x128	171	1665	256	256
8610. 128x128	1373	2096	256	256
8730. 128x128	3207	1716	256	256
10023. 128x128	1505	1102	256	256
10035. 128x128	3825	535	256	256
10179. 128x128	363	1040	256	256
10877. 128x128	2290	3698	256	256
10891. 128x128	672	2036	256	256
11058. 128x128	171	1665	256	256
11281. 128x128	2158	704	256	256
11339. 128x128	3122	2518	256	256
12001. 128x128	2940	1068	256	256
12525. 128x128	3348	1751	256	256
12765. 128x128	2767	2321	256	256
12653. 128x128	3520	2854	256	256
12821. 128x128	3348	1751	256	256
13864. 128x128	1519	3399	256	256
14426. 128x128	239	391	256	256
