125. 128x128	264	1045	256	256
661. 128x128	2432	2685	256	256
3380. 128x128	563	2024	256	256
5037. 128x128	1474	2902	256	256
5450. 128x128	2744	561	256	256
5550. 128x128	3324	415	256	256
5836. 128x128	467	1824	256	256
6039. 128x128	2745	955	256	256
9026. 128x128	3666	890	256	256
9623. 128x128	148	54	256	256
10054. 128x128	3764	821	256	256
10287. 128x128	120	3195	256	256
10666. 128x128	567	1133	256	256
10641. 128x128	1106	1709	256	256
12972. 128x128	1239	152	256	256
14483. 128x128	3539	1670	256	256
14579. 128x128	2961	2157	256	256
