699. 128x128	2600	1555	256	256
866. 128x128	2705	3751	256	256
1583. 128x128	3801	763	256	256
2325. 128x128	2244	1624	256	256
2514. 128x128	1371	2315	256	256
3538. 128x128	253	1079	256	256
3867. 128x128	378	1351	256	256
3975. 128x128	975	3802	256	256
5379. 128x128	2759	3270	256	256
5968. 128x128	3225	3506	256	256
6206. 128x128	639	1616	256	256
6938. 128x128	3076	3055	256	256
6832. 128x128	2284	3011	256	256
7105. 128x128	2710	3163	256	256
7597. 128x128	2733	785	256	256
7799. 128x128	3315	2033	256	256
8059. 128x128	1631	2836	256	256
8487. 128x128	214	1277	256	256
8492. 128x128	480	247	256	256
8502. 128x128	1728	782	256	256
10525. 128x128	1606	2286	256	256
10668. 128x128	1986	1180	256	256
10602. 128x128	3794	3411	256	256
11065. 128x128	1631	2836	256	256
11544. 128x128	2240	59	256	256
12967. 128x128	2421	1447	256	256
13628. 128x128	1327	2070	256	256
15029. 128x128	840	1197	256	256
