321. 128x128	3522	1003	256	256
43. 128x128	3797	2349	256	256
1082. 128x128	86	3723	256	256
479. 128x128	1919	157	256	256
1170. 128x128	3096	1463	256	256
1459. 128x128	2555	1821	256	256
2298. 128x128	3438	1100	256	256
2683. 128x128	3376	3554	256	256
4494. 128x128	3737	1498	256	256
4994. 128x128	2655	491	256	256
5961. 128x128	3124	3711	256	256
6895. 128x128	494	2360	256	256
8120. 128x128	1749	1421	256	256
9440. 128x128	2097	411	256	256
9612. 128x128	1681	2539	256	256
10925. 128x128	1646	2857	256	256
11126. 128x128	1749	1421	256	256
11418. 128x128	2726	1820	256	256
12567. 128x128	2365	3088	256	256
13667. 128x128	2892	1166	256	256
14120. 128x128	2473	2632	256	256
14457. 128x128	77	109	256	256
14868. 128x128	342	2308	256	256
14875. 128x128	2379	876	256	256
