205. 128x128	988	2895	256	256
188. 128x128	1984	691	256	256
207. 128x128	1721	2000	256	256
2062. 128x128	664	386	256	256
2171. 128x128	1381	3563	256	256
3794. 128x128	2284	591	256	256
4069. 128x128	2097	698	256	256
4324. 128x128	3620	1364	256	256
5297. 128x128	2016	1773	256	256
5452. 128x128	921	1386	256	256
5428. 128x128	3435	3140	256	256
6529. 128x128	130	2245	256	256
7855. 128x128	3345	3429	256	256
8222. 128x128	2915	2937	256	256
9170. 128x128	3319	2439	256	256
9180. 128x128	3033	874	256	256
9403. 128x128	3583	3276	256	256
9662. 128x128	3335	266	256	256
9774. 128x128	3577	709	256	256
10170. 128x128	1124	1663	256	256
10424. 128x128	1003	66	256	256
10870. 128x128	363	3338	256	256
11297. 128x128	1667	483	256	256
11757. 128x128	2925	1823	256	256
11789. 128x128	2615	1220	256	256
11957. 128x128	2826	2733	256	256
12619. 128x128	1926	1415	256	256
13674. 128x128	3289	2285	256	256
13691. 128x128	685	1822	256	256
13729. 128x128	1361	230	256	256
14403. 128x128	2862	764	256	256
14806. 128x128	3397	1108	256	256
