165. 128x128	3153	1885	256	256
1302. 128x128	180	3526	256	256
1794. 128x128	2990	2628	256	256
2205. 128x128	2817	3045	256	256
2671. 128x128	2899	3695	256	256
3483. 128x128	2358	3554	256	256
3652. 128x128	3743	228	256	256
5128. 128x128	759	2459	256	256
6934. 128x128	1314	2683	256	256
7535. 128x128	2487	98	256	256
7641. 128x128	2513	651	256	256
8203. 128x128	3237	2512	256	256
8294. 128x128	1465	3314	256	256
9236. 128x128	3492	2980	256	256
9574. 128x128	255	2776	256	256
10231. 128x128	2742	2985	256	256
10311. 128x128	902	1016	256	256
10564. 128x128	670	1204	256	256
10871. 128x128	844	1614	256	256
11989. 128x128	817	2711	256	256
12335. 128x128	3681	1456	256	256
12609. 128x128	2226	2406	256	256
13003. 128x128	3227	2596	256	256
13037. 128x128	3555	2702	256	256
13413. 128x128	779	2165	256	256
13795. 128x128	56	2700	256	256
13949. 128x128	934	1516	256	256
14051. 128x128	1335	2192	256	256
14203. 128x128	1323	3696	256	256
14341. 128x128	3183	825	256	256
14348. 128x128	516	3515	256	256
14481. 128x128	3291	3743	256	256
14707. 128x128	3038	812	256	256
14849. 128x128	1674	759	256	256
14882. 128x128	3038	812	256	256
14909. 128x128	1512	2608	256	256
