177. 128x128	3170	2526	256	256
722. 128x128	984	2899	256	256
637. 128x128	2035	2365	256	256
1477. 128x128	612	1529	256	256
1738. 128x128	3507	557	256	256
2324. 128x128	1603	526	256	256
2616. 128x128	2179	930	256	256
2857. 128x128	483	2324	256	256
3334. 128x128	315	3674	256	256
3401. 128x128	1637	736	256	256
3761. 128x128	3008	1516	256	256
4635. 128x128	1667	3416	256	256
4872. 128x128	1806	1587	256	256
5159. 128x128	661	3093	256	256
5668. 128x128	1288	595	256	256
5710. 128x128	529	1974	256	256
6237. 128x128	2329	3835	256	256
6285. 128x128	1485	1488	256	256
6065. 128x128	2513	1042	256	256
6168. 128x128	489	2409	256	256
6517. 128x128	2948	3799	256	256
6763. 128x128	2824	2332	256	256
7053. 128x128	3168	1787	256	256
7813. 128x128	3556	659	256	256
8180. 128x128	2156	1229	256	256
8539. 128x128	1293	119	256	256
8490. 128x128	1154	669	256	256
9101. 128x128	2624	1796	256	256
10255. 128x128	3453	1890	256	256
10794. 128x128	3570	1673	256	256
11527. 128x128	2913	3572	256	256
11638. 128x128	2913	3572	256	256
12274. 128x128	3260	1511	256	256
14112. 128x128	1585	334	256	256
14247. 128x128	3335	1364	256	256
14972. 128x128	3540	1327	256	256
