479. 128x128	1919	157	256	256
749. 128x128	3221	889	256	256
319. 128x128	1991	1692	256	256
990. 128x128	421	3358	256	256
1585. 128x128	870	792	256	256
1912. 128x128	2521	434	256	256
1638. 128x128	1370	2842	256	256
2067. 128x128	1186	1319	256	256
3313. 128x128	646	3798	256	256
3326. 128x128	387	1191	256	256
3328. 128x128	2280	2623	256	256
3405. 128x128	3806	3174	256	256
4022. 128x128	3255	732	256	256
4513. 128x128	9	1713	256	256
5478. 128x128	2866	2256	256	256
5261. 128x128	3320	212	256	256
5390. 128x128	1122	2252	256	256
5637. 128x128	112	2828	256	256
6005. 128x128	3781	486	256	256
6112. 128x128	1394	1018	256	256
6990. 128x128	2579	1966	256	256
7131. 128x128	3752	2552	256	256
7890. 128x128	2362	1692	256	256
8028. 128x128	2156	3696	256	256
9117. 128x128	2276	3197	256	256
9123. 128x128	426	491	256	256
9642. 128x128	1572	2789	256	256
10072. 128x128	2147	1121	256	256
9947. 128x128	1230	2626	256	256
10600. 128x128	1966	3169	256	256
11032. 128x128	2156	3696	256	256
12316. 128x128	3147	3620	256	256
12402. 128x128	469	374	256	256
13050. 128x128	2665	1859	256	256
14101. 128x128	1895	3064	256	256
14601. 128x128	951	1824	256	256
15271. 128x128	2989	1865	256	256
15339. 128x128	3538	965	256	256
