373. 128x128	1920	152	256	256
819. 128x128	3615	2072	256	256
1408. 128x128	1088	2474	256	256
1696. 128x128	1101	3422	256	256
1851. 128x128	1189	3812	256	256
3191. 128x128	2995	1319	256	256
6917. 128x128	2610	3577	256	256
8626. 128x128	3573	3181	256	256
8833. 128x128	2258	289	256	256
9534. 128x128	1008	2625	256	256
10386. 128x128	3066	1293	256	256
10849. 128x128	2452	3464	256	256
12685. 128x128	2471	3267	256	256
13114. 128x128	3495	1337	256	256
13213. 128x128	1534	3801	256	256
13552. 128x128	1534	3801	256	256
