481. 128x128	2574	3395	256	256
795. 128x128	1230	2214	256	256
700. 128x128	3592	2978	256	256
335. 128x128	2681	393	256	256
1266. 128x128	3079	2561	256	256
617. 128x128	3818	3227	256	256
2090. 128x128	2506	1168	256	256
3099. 128x128	3834	323	256	256
3462. 128x128	411	2161	256	256
5877. 128x128	223	2561	256	256
6330. 128x128	103	438	256	256
6995. 128x128	1940	1575	256	256
7555. 128x128	3178	1547	256	256
7725. 128x128	1965	1980	256	256
7796. 128x128	2956	3107	256	256
7834. 128x128	415	716	256	256
9348. 128x128	784	2041	256	256
9220. 128x128	2897	3378	256	256
9425. 128x128	892	163	256	256
10312. 128x128	3491	2870	256	256
10663. 128x128	3217	3164	256	256
13263. 128x128	711	877	256	256
13371. 128x128	81	2189	256	256
13805. 128x128	211	3137	256	256
14798. 128x128	2575	2801	256	256
