652. 128x128	3074	2872	256	256
1. 128x128	2882	2056	256	256
1838. 128x128	2480	3089	256	256
2039. 128x128	411	3413	256	256
2542. 128x128	148	872	256	256
2761. 128x128	610	591	256	256
3470. 128x128	1306	2929	256	256
3639. 128x128	1090	1877	256	256
4232. 128x128	3736	3295	256	256
4776. 128x128	2075	2504	256	256
4818. 128x128	1231	1024	256	256
6217. 128x128	263	2203	256	256
6599. 128x128	3590	3218	256	256
6937. 128x128	1475	2724	256	256
7659. 128x128	3490	714	256	256
8421. 128x128	51	1223	256	256
8885. 128x128	1698	3299	256	256
9386. 128x128	1973	1929	256	256
9491. 128x128	168	1386	256	256
11648. 128x128	594	1636	256	256
11807. 128x128	636	2836	256	256
11925. 128x128	1377	3824	256	256
12130. 128x128	2965	1803	256	256
12257. 128x128	2965	1803	256	256
14250. 128x128	1126	1184	256	256
14309. 128x128	3338	3301	256	256
14344. 128x128	2831	2997	256	256
15018. 128x128	2506	753	256	256
