580. 128x128	2864	461	256	256
22. 128x128	2535	2800	256	256
276. 128x128	3578	2626	256	256
1390. 128x128	2446	2764	256	256
3607. 128x128	904	1747	256	256
7720. 128x128	719	301	256	256
8524. 128x128	181	1164	256	256
8918. 128x128	2449	1123	256	256
9652. 128x128	3754	3079	256	256
10380. 128x128	3772	1293	256	256
10719. 128x128	2197	3696	256	256
10842. 128x128	565	518	256	256
13624. 128x128	1974	1405	256	256
14935. 128x128	696	583	256	256
15239. 128x128	1301	3745	256	256
15329. 128x128	2320	918	256	256
