653. 128x128	3424	3625	256	256
9. 128x128	1683	3104	256	256
672. 128x128	3456	996	256	256
1133. 128x128	666	2983	256	256
1481. 128x128	2102	3436	256	256
2172. 128x128	3707	3723	256	256
2380. 128x128	1853	1016	256	256
3067. 128x128	172	1593	256	256
3310. 128x128	682	91	256	256
3694. 128x128	3322	210	256	256
3781. 128x128	3349	2485	256	256
4758. 128x128	2279	282	256	256
4690. 128x128	2999	2802	256	256
4733. 128x128	2512	773	256	256
4904. 128x128	2499	2503	256	256
4871. 128x128	2182	202	256	256
5765. 128x128	1057	2895	256	256
5873. 128x128	3596	3819	256	256
6952. 128x128	1537	2507	256	256
8774. 128x128	3086	1073	256	256
8944. 128x128	1533	2239	256	256
8853. 128x128	1921	3660	256	256
9221. 128x128	1135	770	256	256
9903. 128x128	2157	1274	256	256
10165. 128x128	2521	411	256	256
10332. 128x128	1213	2665	256	256
10700. 128x128	159	2303	256	256
10873. 128x128	225	1915	256	256
11265. 128x128	2073	3174	256	256
11345. 128x128	2678	2906	256	256
11434. 128x128	2141	608	256	256
11443. 128x128	1101	113	256	256
11537. 128x128	2141	608	256	256
11547. 128x128	1101	113	256	256
11785. 128x128	115	529	256	256
12968. 128x128	2644	1272	256	256
13919. 128x128	2122	713	256	256
15146. 128x128	3265	3574	256	256
