513. 128x128	3045	152	256	256
856. 128x128	1710	1740	256	256
1110. 128x128	2572	3626	256	256
1265. 128x128	3028	2320	256	256
1642. 128x128	3625	1568	256	256
3389. 128x128	845	3768	256	256
3915. 128x128	910	2488	256	256
4936. 128x128	1101	3248	256	256
4939. 128x128	2053	444	256	256
6252. 128x128	1402	2204	256	256
6211. 128x128	1567	1581	256	256
6333. 128x128	1409	3739	256	256
6642. 128x128	3372	74	256	256
7622. 128x128	3317	2451	256	256
7785. 128x128	3496	1752	256	256
7999. 128x128	3621	1127	256	256
8604. 128x128	2897	520	256	256
9459. 128x128	772	212	256	256
9973. 128x128	890	3605	256	256
12289. 128x128	1263	702	256	256
12826. 128x128	634	1968	256	256
14190. 128x128	2132	1237	256	256
