328. 128x128	2702	3756	256	256
611. 128x128	1411	130	256	256
928. 128x128	874	309	256	256
191. 128x128	3815	3142	256	256
2785. 128x128	158	3299	256	256
4447. 128x128	2360	447	256	256
5645. 128x128	1655	2635	256	256
6967. 128x128	538	1178	256	256
7242. 128x128	3046	1902	256	256
7492. 128x128	3481	2767	256	256
7368. 128x128	1912	2537	256	256
8217. 128x128	3504	1263	256	256
8280. 128x128	2908	3116	256	256
9992. 128x128	651	354	256	256
10816. 128x128	1229	652	256	256
12753. 128x128	1424	3214	256	256
