311. 128x128	2110	2858	256	256
2247. 128x128	1539	1795	256	256
2827. 128x128	3655	1440	256	256
2987. 128x128	2777	3173	256	256
3029. 128x128	2673	1394	256	256
3300. 128x128	3246	3236	256	256
3217. 128x128	3246	3236	256	256
3246. 128x128	2121	3232	256	256
3513. 128x128	289	2081	256	256
5078. 128x128	2246	389	256	256
5522. 128x128	1755	3018	256	256
5726. 128x128	1637	303	256	256
5744. 128x128	1110	502	256	256
5928. 128x128	3682	3700	256	256
5929. 128x128	1029	1747	256	256
6467. 128x128	1601	128	256	256
6647. 128x128	1925	1472	256	256
7563. 128x128	2722	2622	256	256
7943. 128x128	2278	3202	256	256
8550. 128x128	2470	3502	256	256
8669. 128x128	1303	3548	256	256
8982. 128x128	813	1987	256	256
9165. 128x128	3074	1817	256	256
9361. 128x128	1339	38	256	256
9871. 128x128	1779	3171	256	256
10038. 128x128	888	862	256	256
10375. 128x128	928	1684	256	256
10317. 128x128	2471	1658	256	256
10318. 128x128	308	3779	256	256
10718. 128x128	3821	2750	256	256
11502. 128x128	70	2394	256	256
11613. 128x128	70	2394	256	256
11727. 128x128	2726	1978	256	256
12932. 128x128	53	2711	256	256
13273. 128x128	3134	3392	256	256
13415. 128x128	1333	2008	256	256
13426. 128x128	959	2827	256	256
14218. 128x128	3077	307	256	256
14103. 128x128	1037	2024	256	256
14411. 128x128	3638	862	256	256
14519. 128x128	2380	1102	256	256
