263. 128x128	2387	2375	256	256
1335. 128x128	2224	260	256	256
1731. 128x128	404	1066	256	256
1833. 128x128	2218	805	256	256
3876. 128x128	758	2359	256	256
5707. 128x128	3073	3251	256	256
6051. 128x128	3186	3356	256	256
6179. 128x128	2384	2656	256	256
6712. 128x128	1426	3494	256	256
7590. 128x128	3797	1320	256	256
8471. 128x128	1748	385	256	256
8513. 128x128	3188	2856	256	256
8986. 128x128	1118	255	256	256
9531. 128x128	2498	628	256	256
10036. 128x128	2901	2637	256	256
10396. 128x128	1638	2872	256	256
10310. 128x128	1639	1764	256	256
12449. 128x128	470	2951	256	256
13239. 128x128	1126	115	256	256
13578. 128x128	1126	115	256	256
13820. 128x128	1052	1549	256	256
14404. 128x128	805	1986	256	256
14711. 128x128	1446	1064	256	256
14808. 128x128	2928	1641	256	256
15075. 128x128	1198	2746	256	256
