171. 128x128	3785	2042	256	256
448. 128x128	2885	2247	256	256
109. 128x128	2449	2082	256	256
1509. 128x128	1897	2882	256	256
1689. 128x128	1122	213	256	256
1740. 128x128	972	2901	256	256
1892. 128x128	1959	2262	256	256
2264. 128x128	1599	2169	256	256
2535. 128x128	799	2240	256	256
2673. 128x128	3228	3478	256	256
3049. 128x128	735	19	256	256
3532. 128x128	864	310	256	256
3709. 128x128	3148	3179	256	256
4917. 128x128	844	1995	256	256
5045. 128x128	521	2705	256	256
6819. 128x128	2656	2108	256	256
6687. 128x128	1353	2442	256	256
7032. 128x128	2627	969	256	256
7142. 128x128	3233	3700	256	256
7679. 128x128	2754	1621	256	256
8125. 128x128	1409	3707	256	256
8742. 128x128	750	2127	256	256
9952. 128x128	2229	1045	256	256
10354. 128x128	174	2754	256	256
10760. 128x128	2848	1685	256	256
11131. 128x128	1409	3707	256	256
12321. 128x128	877	1015	256	256
12354. 128x128	3297	2253	256	256
12504. 128x128	103	2009	256	256
12546. 128x128	2009	2242	256	256
12800. 128x128	103	2009	256	256
15053. 128x128	1025	1440	256	256
