595. 128x128	2321	657	256	256
321. 128x128	3522	1003	256	256
940. 128x128	228	1884	256	256
962. 128x128	224	1883	256	256
1607. 128x128	771	1128	256	256
2297. 128x128	1423	1862	256	256
2109. 128x128	2397	1126	256	256
2552. 128x128	1002	1427	256	256
3664. 128x128	1148	1514	256	256
4155. 128x128	3387	3653	256	256
4552. 128x128	824	2371	256	256
4918. 128x128	2416	1465	256	256
5996. 128x128	2770	161	256	256
6312. 128x128	2671	3268	256	256
6515. 128x128	1893	1328	256	256
6524. 128x128	52	2058	256	256
7223. 128x128	2332	794	256	256
9706. 128x128	2992	823	256	256
9751. 128x128	771	1868	256	256
10775. 128x128	1555	1452	256	256
