208. 128x128	2043	2579	256	256
345. 128x128	718	3358	256	256
878. 128x128	545	1022	256	256
290. 128x128	1701	1371	256	256
1701. 128x128	2063	3032	256	256
1754. 128x128	778	102	256	256
1609. 128x128	2625	1571	256	256
1855. 128x128	2679	2747	256	256
2568. 128x128	3149	729	256	256
3383. 128x128	2671	2089	256	256
3682. 128x128	3334	3164	256	256
5150. 128x128	1689	662	256	256
6124. 128x128	3045	2991	256	256
6199. 128x128	3274	303	256	256
7069. 128x128	615	1290	256	256
8207. 128x128	1425	1968	256	256
10393. 128x128	1838	3609	256	256
11604. 128x128	2621	1920	256	256
13896. 128x128	608	2393	256	256
