95. 128x128	353	1430	256	256
995. 128x128	289	2522	256	256
2408. 128x128	548	1978	256	256
2677. 128x128	723	2729	256	256
3168. 128x128	1737	1002	256	256
3591. 128x128	611	694	256	256
4051. 128x128	1809	3644	256	256
4474. 128x128	1025	2792	256	256
4485. 128x128	2822	1118	256	256
5560. 128x128	681	1202	256	256
6270. 128x128	649	2888	256	256
6043. 128x128	764	715	256	256
6688. 128x128	626	1671	256	256
6955. 128x128	3413	3043	256	256
7138. 128x128	314	940	256	256
7496. 128x128	1469	1788	256	256
7621. 128x128	2746	1132	256	256
8004. 128x128	3423	3696	256	256
9549. 128x128	119	1023	256	256
10014. 128x128	56	220	256	256
10874. 128x128	3606	2145	256	256
10818. 128x128	2101	2300	256	256
14840. 128x128	2778	220	256	256
