333. 128x128	433	20	256	256
0. 128x128	2040	1655	256	256
1049. 128x128	1007	615	256	256
2134. 128x128	366	3588	256	256
3292. 128x128	2223	2102	256	256
3209. 128x128	2223	2102	256	256
3533. 128x128	2380	2548	256	256
3705. 128x128	1153	589	256	256
3461. 128x128	3118	3133	256	256
4036. 128x128	3380	1595	256	256
4239. 128x128	2137	1426	256	256
6038. 128x128	3496	2453	256	256
7954. 128x128	3012	1433	256	256
11884. 128x128	1367	3412	256	256
12444. 128x128	387	2825	256	256
13156. 128x128	224	3744	256	256
13495. 128x128	224	3744	256	256
13779. 128x128	3277	2822	256	256
