79. 128x128	2077	1987	256	256
1626. 128x128	2953	2232	256	256
2254. 128x128	2450	1322	256	256
3407. 128x128	260	1060	256	256
3528. 128x128	326	949	256	256
3603. 128x128	1274	561	256	256
5701. 128x128	1607	877	256	256
6137. 128x128	2129	1936	256	256
7478. 128x128	1313	1087	256	256
7678. 128x128	1405	2638	256	256
8419. 128x128	3744	722	256	256
10171. 128x128	407	1061	256	256
10233. 128x128	1798	185	256	256
10267. 128x128	2359	2758	256	256
10319. 128x128	922	3729	256	256
13746. 128x128	3585	1424	256	256
14401. 128x128	1398	149	256	256
14992. 128x128	2723	2003	256	256
