260. 128x128	3282	2509	256	256
627. 128x128	3370	419	256	256
1553. 128x128	2809	3305	256	256
2612. 128x128	1064	1667	256	256
3008. 128x128	1550	2050	256	256
3206. 128x128	1772	3530	256	256
3559. 128x128	1997	747	256	256
3595. 128x128	2447	2523	256	256
4238. 128x128	3408	2195	256	256
4117. 128x128	1542	3235	256	256
5089. 128x128	3539	1415	256	256
5125. 128x128	459	2638	256	256
6366. 128x128	1027	1392	256	256
7023. 128x128	2481	2459	256	256
7174. 128x128	2130	3483	256	256
7536. 128x128	554	2278	256	256
8396. 128x128	1277	3220	256	256
9392. 128x128	1232	3679	256	256
9419. 128x128	3414	2546	256	256
10282. 128x128	3333	1767	256	256
11575. 128x128	2588	468	256	256
12035. 128x128	3310	3543	256	256
12107. 128x128	3102	1495	256	256
12162. 128x128	3310	3543	256	256
12234. 128x128	3102	1495	256	256
12794. 128x128	3092	2135	256	256
13010. 128x128	1069	3493	256	256
13300. 128x128	913	1533	256	256
13304. 128x128	1735	567	256	256
13361. 128x128	783	1907	256	256
14507. 128x128	1853	506	256	256
15103. 128x128	1946	501	256	256
