405. 128x128	1622	874	256	256
1270. 128x128	2829	3751	256	256
1674. 128x128	3775	950	256	256
2299. 128x128	3783	1730	256	256
2666. 128x128	173	172	256	256
5788. 128x128	2622	2091	256	256
6108. 128x128	557	2154	256	256
9785. 128x128	1964	309	256	256
10245. 128x128	469	164	256	256
12045. 128x128	3430	896	256	256
12172. 128x128	3430	896	256	256
12715. 128x128	1209	3732	256	256
13024. 128x128	1059	3629	256	256
13113. 128x128	3365	1780	256	256
13724. 128x128	3481	568	256	256
14646. 128x128	1023	988	256	256
