709. 128x128	1742	1798	256	256
718. 128x128	1447	3390	256	256
823. 128x128	1895	2319	256	256
1670. 128x128	3100	2866	256	256
3628. 128x128	3433	3316	256	256
6022. 128x128	712	3558	256	256
7448. 128x128	173	3282	256	256
8879. 128x128	2408	1391	256	256
10026. 128x128	1106	734	256	256
10347. 128x128	1753	2144	256	256
11508. 128x128	1238	157	256	256
11619. 128x128	1238	157	256	256
12492. 128x128	22	832	256	256
13069. 128x128	1437	3223	256	256
13243. 128x128	3022	3267	256	256
13582. 128x128	3022	3267	256	256
13845. 128x128	1023	3335	256	256
