274. 128x128	1429	3048	256	256
412. 128x128	516	3501	256	256
1017. 128x128	321	2789	256	256
741. 128x128	2805	3083	256	256
1087. 128x128	1394	2487	256	256
589. 128x128	2517	3419	256	256
1966. 128x128	3060	3622	256	256
2509. 128x128	933	3268	256	256
4746. 128x128	2891	728	256	256
5664. 128x128	767	3184	256	256
5688. 128x128	331	2257	256	256
5846. 128x128	1104	175	256	256
5934. 128x128	2480	1548	256	256
6945. 128x128	1978	2575	256	256
7079. 128x128	1709	2045	256	256
7088. 128x128	3734	1791	256	256
7820. 128x128	3488	1462	256	256
8198. 128x128	2842	6	256	256
8695. 128x128	80	347	256	256
10186. 128x128	1108	789	256	256
10680. 128x128	3621	3363	256	256
12023. 128x128	3742	896	256	256
12150. 128x128	3742	896	256	256
12955. 128x128	53	1529	256	256
13459. 128x128	437	832	256	256
14154. 128x128	2102	2841	256	256
14688. 128x128	2695	1471	256	256
