172. 128x128	3781	2898	256	256
2284. 128x128	2842	1802	256	256
2640. 128x128	2794	1141	256	256
2698. 128x128	2354	64	256	256
4073. 128x128	882	1076	256	256
4796. 128x128	2954	2199	256	256
5887. 128x128	3570	1018	256	256
6130. 128x128	1195	3671	256	256
6416. 128x128	3086	590	256	256
6663. 128x128	2880	432	256	256
7401. 128x128	33	1465	256	256
7607. 128x128	2488	2719	256	256
9989. 128x128	1386	2124	256	256
10062. 128x128	3706	3050	256	256
10146. 128x128	41	3669	256	256
12632. 128x128	800	1374	256	256
12842. 128x128	2009	2242	256	256
12957. 128x128	3091	2189	256	256
13477. 128x128	565	3546	256	256
14673. 128x128	2702	3752	256	256
14847. 128x128	2702	3752	256	256
