423. 128x128	864	2828	256	256
1072. 128x128	394	2736	256	256
1093. 128x128	2410	542	256	256
588. 128x128	2518	90	256	256
1334. 128x128	1617	1445	256	256
1498. 128x128	760	3142	256	256
1598. 128x128	320	3267	256	256
2038. 128x128	3470	2220	256	256
2533. 128x128	533	254	256	256
2747. 128x128	3559	1788	256	256
3277. 128x128	1258	2557	256	256
3916. 128x128	1729	1785	256	256
4261. 128x128	2526	2902	256	256
4271. 128x128	3829	2511	256	256
4438. 128x128	2874	1701	256	256
4659. 128x128	2170	3053	256	256
4963. 128x128	1200	2718	256	256
5498. 128x128	2287	3371	256	256
6084. 128x128	2092	1560	256	256
6353. 128x128	275	1535	256	256
7012. 128x128	1079	3635	256	256
7352. 128x128	1402	1922	256	256
7406. 128x128	816	2908	256	256
8173. 128x128	3297	741	256	256
8594. 128x128	3712	3190	256	256
8967. 128x128	2909	73	256	256
9011. 128x128	1204	122	256	256
9321. 128x128	3003	2867	256	256
9468. 128x128	827	2021	256	256
9607. 128x128	2439	2337	256	256
10431. 128x128	2298	519	256	256
11248. 128x128	1563	3312	256	256
11736. 128x128	1496	3781	256	256
12024. 128x128	822	2905	256	256
11907. 128x128	2842	604	256	256
12151. 128x128	822	2905	256	256
12360. 128x128	3824	2647	256	256
13384. 128x128	1005	347	256	256
13925. 128x128	2916	2316	256	256
13996. 128x128	3320	1015	256	256
14342. 128x128	2850	577	256	256
