153. 128x128	1121	2861	256	256
1075. 128x128	3057	2921	256	256
835. 128x128	3087	1166	256	256
1464. 128x128	1161	1695	256	256
3165. 128x128	1559	936	256	256
3274. 128x128	2995	1319	256	256
3700. 128x128	1281	3632	256	256
4419. 128x128	2916	2914	256	256
4542. 128x128	3460	2722	256	256
6908. 128x128	456	853	256	256
7436. 128x128	805	2317	256	256
8200. 128x128	140	2813	256	256
8374. 128x128	3708	2976	256	256
8447. 128x128	2907	2827	256	256
9048. 128x128	670	3786	256	256
9077. 128x128	644	209	256	256
9471. 128x128	2281	1692	256	256
10085. 128x128	2988	408	256	256
10759. 128x128	2478	1841	256	256
11452. 128x128	1234	545	256	256
11558. 128x128	1234	545	256	256
12531. 128x128	269	15	256	256
12770. 128x128	2032	3350	256	256
12951. 128x128	331	1797	256	256
15212. 128x128	1220	152	256	256
14981. 128x128	363	2115	256	256
14991. 128x128	135	1772	256	256
15030. 128x128	1964	1741	256	256
