368. 128x128	108	1017	256	256
1236. 128x128	1346	3449	256	256
2390. 128x128	3036	459	256	256
2741. 128x128	2616	3594	256	256
3750. 128x128	1881	788	256	256
4705. 128x128	2651	953	256	256
6204. 128x128	1562	3059	256	256
7453. 128x128	1451	1573	256	256
7507. 128x128	3185	3575	256	256
7942. 128x128	2906	775	256	256
9075. 128x128	1098	1250	256	256
9110. 128x128	2563	3662	256	256
9643. 128x128	2391	2563	256	256
10075. 128x128	1128	311	256	256
10955. 128x128	2567	1023	256	256
12413. 128x128	466	1494	256	256
12590. 128x128	3742	1259	256	256
14227. 128x128	515	2071	256	256
14083. 128x128	2702	441	256	256
14089. 128x128	956	459	256	256
14241. 128x128	1609	3057	256	256
14657. 128x128	414	2985	256	256
14963. 128x128	3408	1404	256	256
