425. 128x128	3472	999	256	256
420. 128x128	51	2307	256	256
1102. 128x128	2681	3086	256	256
2551. 128x128	3662	3768	256	256
3019. 128x128	1966	2971	256	256
3736. 128x128	2075	529	256	256
4977. 128x128	3505	1905	256	256
5285. 128x128	2780	1199	256	256
6201. 128x128	1380	2503	256	256
6339. 128x128	3452	182	256	256
6435. 128x128	257	801	256	256
6676. 128x128	312	206	256	256
7541. 128x128	162	2746	256	256
8000. 128x128	1325	2526	256	256
8549. 128x128	1619	1911	256	256
8516. 128x128	3038	504	256	256
9099. 128x128	1203	2128	256	256
9247. 128x128	2000	3549	256	256
9248. 128x128	1293	2450	256	256
9410. 128x128	2505	2486	256	256
9731. 128x128	2667	1034	256	256
10665. 128x128	874	3618	256	256
11180. 128x128	2159	1098	256	256
11377. 128x128	2499	603	256	256
11465. 128x128	1573	1583	256	256
13390. 128x128	1945	759	256	256
13596. 128x128	2423	1383	256	256
13767. 128x128	2356	1706	256	256
15186. 128x128	3764	1032	256	256
