164. 128x128	3581	2388	256	256
520. 128x128	1028	3551	256	256
1377. 128x128	85	3158	256	256
1573. 128x128	2460	227	256	256
1680. 128x128	2415	3473	256	256
2432. 128x128	755	2922	256	256
2648. 128x128	1342	2353	256	256
2687. 128x128	1101	2913	256	256
2932. 128x128	173	111	256	256
2912. 128x128	1115	3822	256	256
2913. 128x128	2713	541	256	256
3239. 128x128	1350	298	256	256
3690. 128x128	3524	1043	256	256
3760. 128x128	2115	1866	256	256
4563. 128x128	1001	560	256	256
5046. 128x128	502	1883	256	256
5105. 128x128	527	701	256	256
5321. 128x128	2385	3035	256	256
5497. 128x128	1785	1523	256	256
5511. 128x128	2708	1282	256	256
6086. 128x128	3213	623	256	256
7139. 128x128	1147	1733	256	256
7705. 128x128	1823	405	256	256
7786. 128x128	3368	1542	256	256
7870. 128x128	2861	707	256	256
7758. 128x128	2720	945	256	256
8882. 128x128	2966	1786	256	256
10746. 128x128	1452	2538	256	256
10755. 128x128	2087	311	256	256
10923. 128x128	71	112	256	256
13185. 128x128	2149	1991	256	256
13387. 128x128	565	3737	256	256
13524. 128x128	2149	1991	256	256
13637. 128x128	1735	145	256	256
13806. 128x128	2905	2048	256	256
13910. 128x128	760	2821	256	256
14163. 128x128	3164	3326	256	256
14407. 128x128	1346	1014	256	256
14620. 128x128	1228	1274	256	256
