32. 128x128	339	311	256	256
658. 128x128	1580	3490	256	256
1658. 128x128	279	598	256	256
1721. 128x128	2657	518	256	256
3821. 128x128	3253	1043	256	256
3974. 128x128	2500	1154	256	256
4426. 128x128	3564	1664	256	256
4623. 128x128	2198	1040	256	256
5445. 128x128	894	2667	256	256
5247. 128x128	814	3271	256	256
5679. 128x128	2480	3699	256	256
5917. 128x128	132	175	256	256
6463. 128x128	537	790	256	256
6722. 128x128	381	3293	256	256
7195. 128x128	1376	1058	256	256
7769. 128x128	654	1054	256	256
9658. 128x128	186	3727	256	256
10439. 128x128	1941	1789	256	256
11467. 128x128	2588	468	256	256
12066. 128x128	1493	281	256	256
12193. 128x128	1493	281	256	256
13062. 128x128	2109	2424	256	256
13906. 128x128	1498	329	256	256
14132. 128x128	3253	1545	256	256
