413. 128x128	2667	3755	256	256
833. 128x128	2374	2537	256	256
952. 128x128	1723	2144	256	256
977. 128x128	3038	2640	256	256
1156. 128x128	2581	3455	256	256
1171. 128x128	1518	1336	256	256
2852. 128x128	940	2117	256	256
3408. 128x128	3068	1713	256	256
3688. 128x128	2957	2832	256	256
4014. 128x128	2458	2172	256	256
5345. 128x128	2580	1312	256	256
5355. 128x128	2524	1172	256	256
6349. 128x128	2296	3218	256	256
6644. 128x128	1264	562	256	256
7141. 128x128	3462	2115	256	256
7860. 128x128	2566	2881	256	256
8279. 128x128	1731	3508	256	256
8505. 128x128	2854	337	256	256
8886. 128x128	1859	1596	256	256
9799. 128x128	3528	2016	256	256
9847. 128x128	3718	1186	256	256
9868. 128x128	1812	3435	256	256
9925. 128x128	571	2530	256	256
10152. 128x128	3788	507	256	256
11817. 128x128	2767	3422	256	256
12839. 128x128	1665	2822	256	256
13095. 128x128	2695	2152	256	256
13171. 128x128	545	1998	256	256
13368. 128x128	1005	1646	256	256
13510. 128x128	545	1998	256	256
13756. 128x128	3274	612	256	256
14070. 128x128	3434	3550	256	256
14359. 128x128	3674	2670	256	256
15170. 128x128	1453	2266	256	256
