544. 128x128	3101	3611	256	256
102. 128x128	1447	1650	256	256
181. 128x128	509	869	256	256
1790. 128x128	447	163	256	256
2095. 128x128	1395	773	256	256
2219. 128x128	1471	2034	256	256
2236. 128x128	3735	1956	256	256
2149. 128x128	3283	332	256	256
1987. 128x128	1784	1913	256	256
3145. 128x128	2414	1224	256	256
3228. 128x128	2414	1224	256	256
3635. 128x128	2219	135	256	256
3572. 128x128	3505	975	256	256
3993. 128x128	3555	1622	256	256
4315. 128x128	2555	2834	256	256
4316. 128x128	1749	1895	256	256
4826. 128x128	3236	1872	256	256
4949. 128x128	344	267	256	256
5502. 128x128	2288	2375	256	256
5772. 128x128	3499	3540	256	256
6014. 128x128	2774	479	256	256
7529. 128x128	1586	457	256	256
8003. 128x128	1805	709	256	256
8014. 128x128	2121	1703	256	256
8679. 128x128	2570	2976	256	256
9129. 128x128	2213	3560	256	256
9873. 128x128	148	1968	256	256
9982. 128x128	2568	1604	256	256
10479. 128x128	2978	1957	256	256
11460. 128x128	1273	322	256	256
11567. 128x128	1944	412	256	256
11568. 128x128	1273	322	256	256
11732. 128x128	1302	507	256	256
11839. 128x128	1178	1163	256	256
12128. 128x128	1233	1736	256	256
12255. 128x128	1233	1736	256	256
12313. 128x128	1810	3501	256	256
12602. 128x128	2926	3458	256	256
12877. 128x128	2555	969	256	256
13437. 128x128	956	3530	256	256
14329. 128x128	545	1404	256	256
14932. 128x128	1933	318	256	256
15180. 128x128	3749	1595	256	256
