105. 128x128	2918	2323	256	256
302. 128x128	2054	1399	256	256
127. 128x128	2369	2385	256	256
1867. 128x128	1670	756	256	256
2083. 128x128	478	1701	256	256
2926. 128x128	2226	1625	256	256
3855. 128x128	3313	1064	256	256
4507. 128x128	1881	3365	256	256
5028. 128x128	691	2789	256	256
5909. 128x128	304	3322	256	256
7353. 128x128	895	1864	256	256
7211. 128x128	3671	526	256	256
7719. 128x128	3729	891	256	256
7722. 128x128	1083	217	256	256
8560. 128x128	695	1191	256	256
9215. 128x128	173	3687	256	256
10771. 128x128	2872	2049	256	256
14430. 128x128	2868	2512	256	256
14484. 128x128	2873	1448	256	256
14759. 128x128	2830	447	256	256
