533. 128x128	3777	311	256	256
168. 128x128	3022	3021	256	256
1989. 128x128	2866	3098	256	256
3782. 128x128	1461	235	256	256
4622. 128x128	448	3076	256	256
4808. 128x128	1920	2238	256	256
5362. 128x128	594	3637	256	256
6271. 128x128	1104	270	256	256
6532. 128x128	347	3268	256	256
6772. 128x128	2678	2237	256	256
6713. 128x128	2013	1825	256	256
7072. 128x128	2679	508	256	256
7320. 128x128	1437	1831	256	256
7750. 128x128	1364	1479	256	256
8139. 128x128	511	1602	256	256
9184. 128x128	1564	3371	256	256
9225. 128x128	1414	3546	256	256
9545. 128x128	1483	2594	256	256
9966. 128x128	1791	1574	256	256
10017. 128x128	333	2112	256	256
10413. 128x128	3808	2589	256	256
10304. 128x128	2935	716	256	256
11145. 128x128	511	1602	256	256
11276. 128x128	2259	1734	256	256
11672. 128x128	369	2303	256	256
11943. 128x128	638	2716	256	256
11958. 128x128	866	2373	256	256
12983. 128x128	1690	1186	256	256
13429. 128x128	1976	1433	256	256
13885. 128x128	2576	770	256	256
15047. 128x128	457	3651	256	256
