646. 128x128	2578	2465	256	256
2784. 128x128	2160	3659	256	256
2897. 128x128	964	3332	256	256
3981. 128x128	1182	516	256	256
4402. 128x128	2097	726	256	256
4326. 128x128	860	1967	256	256
4894. 128x128	1109	3022	256	256
5513. 128x128	2250	2719	256	256
5807. 128x128	2864	2206	256	256
6248. 128x128	2955	2067	256	256
6555. 128x128	2903	3214	256	256
7985. 128x128	2849	1884	256	256
8641. 128x128	3316	3746	256	256
9650. 128x128	2602	261	256	256
9940. 128x128	551	3639	256	256
10518. 128x128	1768	3809	256	256
12612. 128x128	3020	1251	256	256
14271. 128x128	410	1111	256	256
