159. 128x128	910	1935	256	256
707. 128x128	2466	1962	256	256
2230. 128x128	253	1119	256	256
5022. 128x128	199	1054	256	256
5085. 128x128	2120	2659	256	256
7669. 128x128	1755	3746	256	256
7973. 128x128	75	1118	256	256
8668. 128x128	3670	3063	256	256
9188. 128x128	3832	1673	256	256
11198. 128x128	1133	1946	256	256
11277. 128x128	3142	1826	256	256
11816. 128x128	3342	2250	256	256
12041. 128x128	3435	399	256	256
12168. 128x128	3435	399	256	256
13009. 128x128	321	2147	256	256
14201. 128x128	2703	3383	256	256
14733. 128x128	3208	2513	256	256
15185. 128x128	1456	497	256	256
