113. 128x128	988	3051	256	256
11. 128x128	3022	2354	256	256
261. 128x128	1685	2505	256	256
1446. 128x128	1425	508	256	256
1717. 128x128	815	3270	256	256
2409. 128x128	1666	1737	256	256
4396. 128x128	458	2633	256	256
5757. 128x128	1662	2775	256	256
7208. 128x128	966	2754	256	256
7593. 128x128	2994	528	256	256
9136. 128x128	1027	860	256	256
9190. 128x128	3353	2163	256	256
10689. 128x128	2414	683	256	256
13625. 128x128	3709	2929	256	256
13791. 128x128	3452	938	256	256
13888. 128x128	414	3378	256	256
15317. 128x128	393	827	256	256
