691. 128x128	3503	1529	256	256
784. 128x128	245	709	256	256
1167. 128x128	1709	2885	256	256
1294. 128x128	2083	247	256	256
1686. 128x128	2115	3416	256	256
2425. 128x128	3732	1744	256	256
2445. 128x128	3727	1760	256	256
2177. 128x128	3212	2441	256	256
2775. 128x128	2135	1363	256	256
3017. 128x128	1928	2639	256	256
3441. 128x128	3107	2953	256	256
4260. 128x128	2145	2590	256	256
4125. 128x128	1115	3251	256	256
4556. 128x128	838	3479	256	256
4645. 128x128	2252	2442	256	256
5350. 128x128	3497	2631	256	256
6066. 128x128	1646	1026	256	256
6930. 128x128	3091	1010	256	256
7433. 128x128	3170	3182	256	256
7459. 128x128	3306	1548	256	256
7340. 128x128	3133	166	256	256
7553. 128x128	1263	3238	256	256
8607. 128x128	2899	3496	256	256
9102. 128x128	1007	2120	256	256
10002. 128x128	2668	3357	256	256
11905. 128x128	3358	2339	256	256
12670. 128x128	511	3823	256	256
13394. 128x128	3491	615	256	256
13778. 128x128	1005	3507	256	256
13912. 128x128	3057	203	256	256
14000. 128x128	387	1360	256	256
15128. 128x128	597	1370	256	256
