380. 128x128	262	3242	256	256
918. 128x128	1811	686	256	256
1291. 128x128	1221	2164	256	256
1448. 128x128	457	217	256	256
2584. 128x128	787	164	256	256
2848. 128x128	1327	2251	256	256
2676. 128x128	1365	3681	256	256
2715. 128x128	1255	261	256	256
4050. 128x128	2322	930	256	256
4893. 128x128	1677	2309	256	256
5075. 128x128	3376	3675	256	256
5139. 128x128	3162	1596	256	256
5584. 128x128	2097	1328	256	256
5387. 128x128	924	431	256	256
5786. 128x128	3101	552	256	256
6359. 128x128	2746	750	256	256
6424. 128x128	1694	2678	256	256
6737. 128x128	521	705	256	256
7828. 128x128	482	983	256	256
7904. 128x128	2855	3618	256	256
8065. 128x128	62	732	256	256
8390. 128x128	2608	1617	256	256
8531. 128x128	92	695	256	256
9473. 128x128	2535	1257	256	256
10015. 128x128	2151	2747	256	256
10096. 128x128	1474	3427	256	256
10395. 128x128	2850	3014	256	256
10633. 128x128	983	2354	256	256
11071. 128x128	62	732	256	256
11383. 128x128	1081	1178	256	256
11386. 128x128	1910	2125	256	256
11518. 128x128	2248	2084	256	256
11815. 128x128	1004	2595	256	256
12508. 128x128	3660	227	256	256
13182. 128x128	283	716	256	256
13521. 128x128	283	716	256	256
13810. 128x128	1788	2619	256	256
13941. 128x128	135	951	256	256
13960. 128x128	2546	3049	256	256
15250. 128x128	2855	1699	256	256
