358. 128x128	325	2608	256	256
1205. 128x128	2194	382	256	256
1289. 128x128	3326	228	256	256
2158. 128x128	107	876	256	256
2649. 128x128	271	2070	256	256
2845. 128x128	232	1470	256	256
2933. 128x128	3445	703	256	256
3160. 128x128	2094	2893	256	256
3243. 128x128	2094	2893	256	256
4064. 128x128	801	2502	256	256
5224. 128x128	3618	2633	256	256
6048. 128x128	527	1812	256	256
7419. 128x128	2694	519	256	256
8163. 128x128	282	2606	256	256
8121. 128x128	61	627	256	256
8316. 128x128	3109	227	256	256
8404. 128x128	2738	2157	256	256
10124. 128x128	3192	3317	256	256
9942. 128x128	2958	2840	256	256
11127. 128x128	61	627	256	256
11169. 128x128	282	2606	256	256
11476. 128x128	3188	1221	256	256
11584. 128x128	3188	1221	256	256
12600. 128x128	1455	2352	256	256
12687. 128x128	2724	1821	256	256
12914. 128x128	2107	1623	256	256
12941. 128x128	1502	2316	256	256
13257. 128x128	2966	2115	256	256
14231. 128x128	79	941	256	256
15323. 128x128	1916	3737	256	256
