261. 128x128	1685	2505	256	256
443. 128x128	3761	788	256	256
879. 128x128	1575	1116	256	256
1253. 128x128	1894	147	256	256
1130. 128x128	2489	396	256	256
1524. 128x128	139	843	256	256
2657. 128x128	3118	567	256	256
3431. 128x128	3249	1676	256	256
4052. 128x128	1642	2833	256	256
4788. 128x128	1698	2284	256	256
5004. 128x128	2430	2249	256	256
5146. 128x128	3705	3433	256	256
5148. 128x128	3541	1414	256	256
5358. 128x128	2681	3437	256	256
6213. 128x128	2036	2099	256	256
6341. 128x128	1654	32	256	256
7847. 128x128	3440	513	256	256
8379. 128x128	3582	79	256	256
8749. 128x128	2956	2877	256	256
8942. 128x128	1017	2667	256	256
8874. 128x128	2386	3393	256	256
9589. 128x128	3142	735	256	256
9797. 128x128	1131	1378	256	256
11337. 128x128	37	2152	256	256
12094. 128x128	2167	2225	256	256
12221. 128x128	2167	2225	256	256
12493. 128x128	2360	1300	256	256
12980. 128x128	212	2534	256	256
13355. 128x128	3107	2305	256	256
13475. 128x128	1325	2621	256	256
14722. 128x128	1151	1755	256	256
