498. 128x128	2329	3692	256	256
3322. 128x128	2286	3313	256	256
3569. 128x128	3355	3174	256	256
4021. 128x128	717	1357	256	256
3964. 128x128	201	1515	256	256
4525. 128x128	667	2227	256	256
5097. 128x128	3237	3207	256	256
5110. 128x128	537	1330	256	256
5908. 128x128	5	146	256	256
5861. 128x128	188	19	256	256
6373. 128x128	580	257	256	256
6823. 128x128	1167	3314	256	256
8095. 128x128	475	3008	256	256
9573. 128x128	2069	3826	256	256
10890. 128x128	176	1142	256	256
11101. 128x128	475	3008	256	256
11437. 128x128	903	1163	256	256
11693. 128x128	893	1013	256	256
12305. 128x128	3437	756	256	256
12961. 128x128	2555	1973	256	256
14513. 128x128	1849	3225	256	256
14571. 128x128	1474	3278	256	256
14737. 128x128	2562	2861	256	256
14832. 128x128	1830	723	256	256
15166. 128x128	2226	2832	256	256
