649. 128x128	2907	3089	256	256
220. 128x128	441	3726	256	256
509. 128x128	3354	243	256	256
1327. 128x128	973	2428	256	256
1370. 128x128	3381	238	256	256
1569. 128x128	684	519	256	256
1580. 128x128	802	3717	256	256
1876. 128x128	1526	799	256	256
2999. 128x128	3386	1312	256	256
3741. 128x128	3078	2367	256	256
3584. 128x128	1515	2193	256	256
3945. 128x128	3483	203	256	256
4266. 128x128	1844	326	256	256
4646. 128x128	1741	2949	256	256
7305. 128x128	917	759	256	256
7473. 128x128	3161	458	256	256
7936. 128x128	2033	1061	256	256
7992. 128x128	2034	1069	256	256
8895. 128x128	1653	405	256	256
8994. 128x128	815	1481	256	256
11680. 128x128	3496	1002	256	256
13199. 128x128	394	165	256	256
13538. 128x128	394	165	256	256
