209. 128x128	429	2430	256	256
754. 128x128	3007	2849	256	256
901. 128x128	3615	1689	256	256
925. 128x128	825	175	256	256
2636. 128x128	2566	1516	256	256
2638. 128x128	3265	3285	256	256
3889. 128x128	3002	2857	256	256
4565. 128x128	3753	3236	256	256
4608. 128x128	1377	2329	256	256
5470. 128x128	460	945	256	256
5667. 128x128	662	41	256	256
6527. 128x128	1212	3837	256	256
6719. 128x128	2287	404	256	256
6582. 128x128	69	2312	256	256
9709. 128x128	3158	2844	256	256
10649. 128x128	1055	2380	256	256
11387. 128x128	2732	2181	256	256
11911. 128x128	20	1163	256	256
12737. 128x128	2412	769	256	256
12947. 128x128	2414	1947	256	256
13798. 128x128	843	2256	256	256
15061. 128x128	159	3757	256	256
