137. 128x128	189	1035	256	256
5175. 128x128	474	832	256	256
5615. 128x128	2536	1097	256	256
5636. 128x128	677	2475	256	256
5708. 128x128	2172	313	256	256
6419. 128x128	1379	1103	256	256
6585. 128x128	290	1514	256	256
7537. 128x128	3631	2241	256	256
8026. 128x128	751	1233	256	256
8182. 128x128	595	939	256	256
8784. 128x128	2520	3834	256	256
8581. 128x128	350	2419	256	256
9914. 128x128	1123	1088	256	256
11722. 128x128	368	1884	256	256
12550. 128x128	2241	2092	256	256
13614. 128x128	315	3011	256	256
13780. 128x128	2381	3118	256	256
14106. 128x128	1008	1849	256	256
14420. 128x128	1154	2798	256	256
