369. 128x128	2905	1624	256	256
442. 128x128	1762	2301	256	256
655. 128x128	1873	2180	256	256
775. 128x128	2177	1391	256	256
852. 128x128	3120	3361	256	256
97. 128x128	1196	705	256	256
284. 128x128	3389	812	256	256
196. 128x128	1017	55	256	256
1831. 128x128	3244	2716	256	256
3294. 128x128	2658	3351	256	256
3738. 128x128	1443	973	256	256
3443. 128x128	397	1310	256	256
3939. 128x128	2606	1250	256	256
4114. 128x128	3648	2727	256	256
4317. 128x128	3661	3809	256	256
4912. 128x128	1428	3256	256	256
5053. 128x128	3327	3546	256	256
7112. 128x128	820	3814	256	256
7583. 128x128	1545	2976	256	256
9427. 128x128	2114	3468	256	256
9838. 128x128	997	309	256	256
10788. 128x128	3453	523	256	256
11040. 128x128	2852	596	256	256
11445. 128x128	1028	1608	256	256
11550. 128x128	1028	1608	256	256
12028. 128x128	3409	983	256	256
12155. 128x128	3409	983	256	256
12524. 128x128	3176	2373	256	256
12820. 128x128	3176	2373	256	256
13026. 128x128	1234	1423	256	256
15136. 128x128	540	2418	256	256
