185. 128x128	1368	2332	256	256
416. 128x128	3127	313	256	256
1009. 128x128	3089	3298	256	256
1343. 128x128	1928	499	256	256
1765. 128x128	562	2677	256	256
2007. 128x128	1135	1666	256	256
3350. 128x128	2086	1568	256	256
4979. 128x128	1752	1798	256	256
5423. 128x128	2982	3312	256	256
5612. 128x128	2556	2050	256	256
5642. 128x128	2835	3807	256	256
6808. 128x128	3476	1273	256	256
6601. 128x128	3488	1193	256	256
7872. 128x128	3801	545	256	256
9939. 128x128	805	3276	256	256
10833. 128x128	28	490	256	256
12898. 128x128	43	1869	256	256
12930. 128x128	2592	2951	256	256
13015. 128x128	3451	2362	256	256
15319. 128x128	1434	2672	256	256
