92. 128x128	725	3572	256	256
1417. 128x128	183	2154	256	256
1881. 128x128	2025	3655	256	256
1807. 128x128	1890	1351	256	256
3613. 128x128	1173	3838	256	256
4578. 128x128	2999	3170	256	256
6157. 128x128	1746	2021	256	256
6831. 128x128	1067	1315	256	256
7009. 128x128	1990	1815	256	256
9278. 128x128	3369	2119	256	256
9530. 128x128	55	2774	256	256
9692. 128x128	551	707	256	256
10344. 128x128	1109	3735	256	256
10361. 128x128	2964	1563	256	256
10399. 128x128	2551	3063	256	256
10817. 128x128	1522	1319	256	256
11708. 128x128	3812	2053	256	256
12921. 128x128	1062	1045	256	256
12960. 128x128	3372	1751	256	256
14033. 128x128	3347	3348	256	256
14212. 128x128	3575	1708	256	256
14152. 128x128	2386	1089	256	256
14263. 128x128	701	1051	256	256
14286. 128x128	3785	3058	256	256
15285. 128x128	3361	2876	256	256
15311. 128x128	1296	366	256	256
