416. 128x128	3127	313	256	256
333. 128x128	433	20	256	256
1899. 128x128	3044	1632	256	256
1805. 128x128	3111	1428	256	256
2321. 128x128	774	3770	256	256
2227. 128x128	3289	2631	256	256
2548. 128x128	599	496	256	256
2656. 128x128	3496	686	256	256
3135. 128x128	926	801	256	256
3296. 128x128	1602	2795	256	256
3336. 128x128	569	1047	256	256
3338. 128x128	169	2892	256	256
3391. 128x128	1706	899	256	256
3767. 128x128	1968	3224	256	256
3623. 128x128	1893	3169	256	256
3833. 128x128	2205	2022	256	256
3848. 128x128	3576	3528	256	256
4088. 128x128	121	1078	256	256
3971. 128x128	2665	2939	256	256
4354. 128x128	1719	3511	256	256
5017. 128x128	3694	2880	256	256
6229. 128x128	1178	387	256	256
6414. 128x128	2211	3725	256	256
6879. 128x128	1898	2448	256	256
7036. 128x128	1457	2449	256	256
7052. 128x128	1330	1735	256	256
7501. 128x128	2570	1294	256	256
7636. 128x128	2158	762	256	256
8060. 128x128	518	179	256	256
7966. 128x128	3036	3589	256	256
8100. 128x128	1974	1919	256	256
9741. 128x128	2195	3183	256	256
9851. 128x128	3138	931	256	256
10800. 128x128	3800	1449	256	256
11066. 128x128	518	179	256	256
11106. 128x128	1974	1919	256	256
11652. 128x128	254	509	256	256
12088. 128x128	3458	2691	256	256
12215. 128x128	3458	2691	256	256
12300. 128x128	1368	3298	256	256
13744. 128x128	2301	3326	256	256
14195. 128x128	2562	2020	256	256
