524. 128x128	2152	235	256	256
790. 128x128	3500	568	256	256
859. 128x128	3780	3506	256	256
2815. 128x128	3601	1917	256	256
3311. 128x128	1674	731	256	256
3370. 128x128	3539	1939	256	256
5829. 128x128	1585	3310	256	256
6219. 128x128	483	1589	256	256
6812. 128x128	820	1472	256	256
7708. 128x128	1352	427	256	256
7773. 128x128	1155	3589	256	256
7955. 128x128	3619	1432	256	256
8234. 128x128	1064	2083	256	256
9025. 128x128	948	1264	256	256
9152. 128x128	3716	3259	256	256
12076. 128x128	3006	963	256	256
12203. 128x128	3006	963	256	256
12491. 128x128	3501	81	256	256
