443. 128x128	3761	788	256	256
75. 128x128	745	3253	256	256
1791. 128x128	629	2323	256	256
2259. 128x128	3826	687	256	256
3388. 128x128	3019	481	256	256
3467. 128x128	133	548	256	256
4444. 128x128	2373	1352	256	256
4634. 128x128	3251	2850	256	256
5444. 128x128	741	2049	256	256
6337. 128x128	539	1208	256	256
6707. 128x128	3649	1821	256	256
7151. 128x128	2247	2454	256	256
7427. 128x128	2688	3633	256	256
8789. 128x128	2990	816	256	256
9657. 128x128	2387	3462	256	256
11301. 128x128	1178	824	256	256
11382. 128x128	363	3678	256	256
13027. 128x128	1093	2346	256	256
13799. 128x128	3345	850	256	256
14092. 128x128	2532	448	256	256
14242. 128x128	1586	87	256	256
14720. 128x128	417	1454	256	256
15002. 128x128	1403	3707	256	256
15101. 128x128	3301	1216	256	256
