162. 128x128	3236	652	256	256
669. 128x128	2936	3648	256	256
340. 128x128	3169	139	256	256
1250. 128x128	1014	3502	256	256
1272. 128x128	1641	3579	256	256
1549. 128x128	2603	477	256	256
2104. 128x128	1120	3428	256	256
3051. 128x128	3065	2252	256	256
3599. 128x128	3221	876	256	256
5443. 128x128	275	1091	256	256
5232. 128x128	2257	959	256	256
6050. 128x128	2742	2893	256	256
6167. 128x128	1699	2648	256	256
7929. 128x128	1839	1060	256	256
8439. 128x128	133	3330	256	256
8617. 128x128	3565	3839	256	256
9143. 128x128	1713	757	256	256
9765. 128x128	2096	331	256	256
9771. 128x128	3585	3105	256	256
10111. 128x128	2187	2030	256	256
10530. 128x128	1919	2172	256	256
10920. 128x128	2753	1502	256	256
10985. 128x128	2742	2955	256	256
12000. 128x128	2300	2535	256	256
12339. 128x128	371	3603	256	256
13461. 128x128	373	379	256	256
13892. 128x128	417	3515	256	256
14616. 128x128	662	3809	256	256
14561. 128x128	1038	104	256	256
14577. 128x128	3493	2302	256	256
14580. 128x128	3506	1850	256	256
14790. 128x128	1910	2068	256	256
15102. 128x128	1371	651	256	256
