284. 128x128	3389	812	256	256
28. 128x128	1030	865	256	256
1575. 128x128	2213	503	256	256
1465. 128x128	1581	1905	256	256
2726. 128x128	216	1410	256	256
3395. 128x128	845	2607	256	256
3561. 128x128	263	2073	256	256
4280. 128x128	2816	2578	256	256
4631. 128x128	3370	141	256	256
5812. 128x128	148	870	256	256
8375. 128x128	3256	3174	256	256
9931. 128x128	2278	1988	256	256
10743. 128x128	2931	3343	256	256
10926. 128x128	3124	2906	256	256
11262. 128x128	892	1184	256	256
11388. 128x128	898	1328	256	256
13899. 128x128	2594	3190	256	256
14945. 128x128	3413	1099	256	256
15341. 128x128	3659	50	256	256
