617. 128x128	3818	3227	256	256
1353. 128x128	1331	3616	256	256
2226. 128x128	785	3318	256	256
3498. 128x128	860	2909	256	256
3685. 128x128	1552	3291	256	256
3772. 128x128	145	2708	256	256
4240. 128x128	1938	2402	256	256
4200. 128x128	2244	1746	256	256
4421. 128x128	1774	2979	256	256
6340. 128x128	2595	694	256	256
7021. 128x128	1895	1442	256	256
9133. 128x128	3794	3528	256	256
9156. 128x128	2771	1219	256	256
9308. 128x128	2439	2573	256	256
9793. 128x128	1149	1659	256	256
10198. 128x128	2572	2492	256	256
10619. 128x128	915	2191	256	256
10969. 128x128	2293	1281	256	256
12387. 128x128	1081	3105	256	256
