641. 128x128	3540	3409	256	256
502. 128x128	3081	2129	256	256
3166. 128x128	10	17	256	256
3377. 128x128	509	1600	256	256
3249. 128x128	10	17	256	256
4179. 128x128	3162	2386	256	256
4377. 128x128	2646	708	256	256
4762. 128x128	1438	2736	256	256
5068. 128x128	124	830	256	256
5451. 128x128	1537	3362	256	256
5250. 128x128	2132	1192	256	256
5383. 128x128	1348	1803	256	256
6627. 128x128	318	2510	256	256
6836. 128x128	3574	115	256	256
7519. 128x128	841	1205	256	256
7667. 128x128	1326	3776	256	256
7994. 128x128	1181	3648	256	256
8457. 128x128	948	1511	256	256
8621. 128x128	2453	1644	256	256
9194. 128x128	2389	781	256	256
9523. 128x128	951	689	256	256
10549. 128x128	381	3220	256	256
10660. 128x128	1290	530	256	256
12380. 128x128	1501	3428	256	256
12437. 128x128	928	2095	256	256
12891. 128x128	3081	2508	256	256
14189. 128x128	3095	2139	256	256
14378. 128x128	2870	3132	256	256
14643. 128x128	3775	2284	256	256
