290. 128x128	1701	1371	256	256
794. 128x128	891	1633	256	256
71. 128x128	2510	1414	256	256
816. 128x128	2083	3657	256	256
1834. 128x128	3024	2982	256	256
2331. 128x128	2079	857	256	256
2119. 128x128	163	2245	256	256
2439. 128x128	787	2597	256	256
2472. 128x128	3489	2374	256	256
5198. 128x128	2851	1946	256	256
6282. 128x128	3703	3575	256	256
7991. 128x128	881	103	256	256
9757. 128x128	3768	1047	256	256
11367. 128x128	1342	2956	256	256
12727. 128x128	290	1606	256	256
13147. 128x128	3372	1966	256	256
13486. 128x128	3372	1966	256	256
13664. 128x128	583	848	256	256
13665. 128x128	1036	1625	256	256
14157. 128x128	2254	789	256	256
