138. 128x128	185	138	256	256
450. 128x128	3024	1441	256	256
468. 128x128	2657	997	256	256
805. 128x128	2941	1800	256	256
3428. 128x128	1146	373	256	256
4459. 128x128	287	378	256	256
4531. 128x128	3806	1200	256	256
5273. 128x128	3040	3735	256	256
6708. 128x128	872	2075	256	256
7277. 128x128	873	2396	256	256
7388. 128x128	3221	1277	256	256
7841. 128x128	1385	2626	256	256
9293. 128x128	1857	2833	256	256
9246. 128x128	203	1683	256	256
10083. 128x128	798	3266	256	256
10188. 128x128	780	1366	256	256
10248. 128x128	955	2623	256	256
11730. 128x128	1941	417	256	256
12779. 128x128	3084	1292	256	256
14675. 128x128	2303	719	256	256
14850. 128x128	2303	719	256	256
