322. 128x128	3358	2007	256	256
902. 128x128	1749	1892	256	256
1160. 128x128	1882	441	256	256
552. 128x128	147	1319	256	256
1751. 128x128	71	1567	256	256
1624. 128x128	759	961	256	256
1949. 128x128	1690	726	256	256
3058. 128x128	2419	1942	256	256
4814. 128x128	946	1687	256	256
5294. 128x128	2861	827	256	256
5333. 128x128	1928	32	256	256
7808. 128x128	1472	1622	256	256
8312. 128x128	2874	454	256	256
9036. 128x128	628	1701	256	256
10667. 128x128	1024	3496	256	256
11500. 128x128	2925	1580	256	256
11738. 128x128	3287	803	256	256
13305. 128x128	1067	412	256	256
14209. 128x128	914	2093	256	256
14300. 128x128	1848	1732	256	256
14574. 128x128	2281	3018	256	256
14968. 128x128	2754	1724	256	256
