156. 128x128	1099	1786	256	256
767. 128x128	288	2237	256	256
1050. 128x128	2580	1580	256	256
704. 128x128	3305	2176	256	256
515. 128x128	774	2164	256	256
1672. 128x128	2973	645	256	256
2398. 128x128	654	1827	256	256
3657. 128x128	226	3188	256	256
3924. 128x128	2286	3733	256	256
3938. 128x128	2288	1372	256	256
4496. 128x128	61	19	256	256
5156. 128x128	2698	1049	256	256
6971. 128x128	1440	152	256	256
8835. 128x128	1946	1900	256	256
9494. 128x128	2925	1936	256	256
10141. 128x128	3389	2971	256	256
13119. 128x128	3053	2857	256	256
13202. 128x128	3837	3742	256	256
13541. 128x128	3837	3742	256	256
14107. 128x128	3396	2692	256	256
15043. 128x128	613	1375	256	256
