671. 128x128	1922	3816	256	256
2705. 128x128	3109	3429	256	256
6073. 128x128	1500	3806	256	256
6686. 128x128	1432	103	256	256
6716. 128x128	65	178	256	256
6855. 128x128	1704	1412	256	256
8381. 128x128	2364	540	256	256
9041. 128x128	1427	3697	256	256
9355. 128x128	3595	343	256	256
9227. 128x128	2617	3478	256	256
11396. 128x128	2639	362	256	256
11497. 128x128	3474	697	256	256
11997. 128x128	3219	613	256	256
12465. 128x128	2551	3559	256	256
12778. 128x128	670	1682	256	256
13908. 128x128	562	1419	256	256
14299. 128x128	2274	3021	256	256
15320. 128x128	3507	3044	256	256
