251. 128x128	3762	1652	256	256
232. 128x128	1890	2204	256	256
900. 128x128	2279	3634	256	256
85. 128x128	2965	2183	256	256
1656. 128x128	1430	1238	256	256
2181. 128x128	3082	179	256	256
3059. 128x128	370	93	256	256
3081. 128x128	3534	3529	256	256
4310. 128x128	2335	184	256	256
4146. 128x128	3829	1406	256	256
4360. 128x128	3603	2633	256	256
5533. 128x128	1851	974	256	256
6528. 128x128	2929	1904	256	256
6626. 128x128	556	3825	256	256
6711. 128x128	2790	1359	256	256
7614. 128x128	2734	2984	256	256
9015. 128x128	3232	2416	256	256
9717. 128x128	3084	3459	256	256
9993. 128x128	3345	1762	256	256
10569. 128x128	961	2368	256	256
11008. 128x128	3648	482	256	256
11563. 128x128	496	2806	256	256
11696. 128x128	476	691	256	256
11699. 128x128	380	362	256	256
11944. 128x128	3689	3047	256	256
12049. 128x128	3366	632	256	256
12176. 128x128	3366	632	256	256
12589. 128x128	2424	3707	256	256
13039. 128x128	1856	215	256	256
13434. 128x128	2252	1274	256	256
14267. 128x128	289	3369	256	256
14786. 128x128	2587	1961	256	256
15003. 128x128	2608	3050	256	256
