404. 128x128	585	2640	256	256
257. 128x128	3024	3138	256	256
136. 128x128	2412	47	256	256
1204. 128x128	1100	2880	256	256
208. 128x128	2043	2579	256	256
1866. 128x128	3718	3118	256	256
1760. 128x128	3633	762	256	256
2819. 128x128	2465	174	256	256
3433. 128x128	1076	3336	256	256
5061. 128x128	93	2171	256	256
7344. 128x128	2461	978	256	256
8208. 128x128	236	3823	256	256
9183. 128x128	2814	1373	256	256
9540. 128x128	1951	2134	256	256
10526. 128x128	1510	2836	256	256
12823. 128x128	2969	1423	256	256
12857. 128x128	2823	2709	256	256
13732. 128x128	1684	1043	256	256
14660. 128x128	3374	3672	256	256
14538. 128x128	1769	2314	256	256
14833. 128x128	3374	3672	256	256
