176. 128x128	1237	2056	256	256
1576. 128x128	379	1634	256	256
1891. 128x128	2179	1065	256	256
2163. 128x128	1770	918	256	256
2701. 128x128	3328	653	256	256
4250. 128x128	284	512	256	256
5581. 128x128	506	2409	256	256
6423. 128x128	3259	3572	256	256
6785. 128x128	2058	1944	256	256
6745. 128x128	3118	384	256	256
7640. 128x128	2063	594	256	256
8080. 128x128	3646	2483	256	256
8098. 128x128	1768	3247	256	256
8327. 128x128	3743	1142	256	256
8334. 128x128	1680	3541	256	256
8825. 128x128	1279	953	256	256
8831. 128x128	2471	2121	256	256
9435. 128x128	48	2718	256	256
10116. 128x128	1478	1710	256	256
11086. 128x128	3646	2483	256	256
11104. 128x128	1768	3247	256	256
11728. 128x128	2720	541	256	256
11985. 128x128	1732	2590	256	256
12887. 128x128	1110	1272	256	256
14799. 128x128	3352	2520	256	256
15171. 128x128	3219	1400	256	256
