258. 128x128	2916	1917	256	256
20. 128x128	3293	1131	256	256
2014. 128x128	2703	3644	256	256
2776. 128x128	367	2317	256	256
2906. 128x128	1882	3077	256	256
3574. 128x128	1605	2507	256	256
4247. 128x128	1508	1561	256	256
4719. 128x128	202	53	256	256
6810. 128x128	2401	3094	256	256
6588. 128x128	567	2414	256	256
8033. 128x128	3330	3776	256	256
8038. 128x128	3257	1413	256	256
9726. 128x128	2181	3499	256	256
9806. 128x128	754	3525	256	256
11037. 128x128	3330	3776	256	256
11043. 128x128	3257	1413	256	256
11238. 128x128	2605	3806	256	256
11863. 128x128	518	2591	256	256
12407. 128x128	3055	1817	256	256
13073. 128x128	1057	66	256	256
14415. 128x128	1622	3630	256	256
14757. 128x128	2819	131	256	256
15234. 128x128	3523	2620	256	256
15087. 128x128	3639	761	256	256
15290. 128x128	1415	2804	256	256
