605. 128x128	2660	3351	256	256
673. 128x128	585	2567	256	256
591. 128x128	1765	3544	256	256
800. 128x128	145	598	256	256
973. 128x128	669	3727	256	256
1134. 128x128	1358	286	256	256
1391. 128x128	3366	674	256	256
1457. 128x128	2518	1061	256	256
1778. 128x128	3794	676	256	256
3696. 128x128	1926	555	256	256
3906. 128x128	2452	1648	256	256
4102. 128x128	2071	1669	256	256
4379. 128x128	3330	3293	256	256
4391. 128x128	1130	3562	256	256
4895. 128x128	3010	160	256	256
6192. 128x128	2019	1391	256	256
6320. 128x128	441	2404	256	256
6596. 128x128	3359	2233	256	256
7258. 128x128	539	709	256	256
7851. 128x128	3294	3792	256	256
8308. 128x128	1416	1471	256	256
9638. 128x128	3782	1857	256	256
10509. 128x128	2553	3728	256	256
10453. 128x128	1424	60	256	256
10570. 128x128	668	686	256	256
10834. 128x128	286	1780	256	256
11726. 128x128	1569	341	256	256
13079. 128x128	3189	1382	256	256
15160. 128x128	3584	2040	256	256
