657. 128x128	2215	3752	256	256
543. 128x128	3007	940	256	256
2361. 128x128	1989	1359	256	256
2860. 128x128	851	695	256	256
3641. 128x128	2830	123	256	256
3667. 128x128	3421	1927	256	256
4255. 128x128	3114	1773	256	256
4341. 128x128	110	3408	256	256
4585. 128x128	1380	1114	256	256
5792. 128x128	1242	2141	256	256
5810. 128x128	3448	356	256	256
6681. 128x128	950	3031	256	256
7495. 128x128	1332	1795	256	256
8183. 128x128	3301	600	256	256
8218. 128x128	2290	226	256	256
8847. 128x128	3246	1421	256	256
9908. 128x128	2776	3116	256	256
9967. 128x128	11	52	256	256
10291. 128x128	2123	1083	256	256
11211. 128x128	85	2058	256	256
11519. 128x128	1599	508	256	256
11630. 128x128	1599	508	256	256
12009. 128x128	964	862	256	256
11885. 128x128	3511	3054	256	256
12388. 128x128	645	1367	256	256
15055. 128x128	2399	3131	256	256
15060. 128x128	1445	2471	256	256
