220. 128x128	441	3726	256	256
836. 128x128	3324	2590	256	256
163. 128x128	2574	3401	256	256
1337. 128x128	965	3394	256	256
1434. 128x128	947	26	256	256
2549. 128x128	218	3481	256	256
3596. 128x128	1560	505	256	256
6058. 128x128	436	1407	256	256
6078. 128x128	2505	2648	256	256
6384. 128x128	1175	3098	256	256
6659. 128x128	3660	715	256	256
7194. 128x128	744	203	256	256
7571. 128x128	2876	652	256	256
7703. 128x128	2566	1968	256	256
8693. 128x128	2207	945	256	256
10904. 128x128	983	2502	256	256
10967. 128x128	2649	1734	256	256
11289. 128x128	1720	981	256	256
11474. 128x128	1332	1950	256	256
11492. 128x128	3166	3190	256	256
11582. 128x128	1332	1950	256	256
11600. 128x128	3166	3190	256	256
12002. 128x128	814	867	256	256
12054. 128x128	2607	2692	256	256
12181. 128x128	2607	2692	256	256
13651. 128x128	271	675	256	256
13937. 128x128	2497	2676	256	256
