69. 128x128	3078	1993	256	256
686. 128x128	2768	2329	256	256
485. 128x128	3839	3164	256	256
4405. 128x128	34	3334	256	256
4825. 128x128	1233	3529	256	256
4835. 128x128	2023	3458	256	256
4867. 128x128	3203	1406	256	256
5199. 128x128	3671	3252	256	256
5704. 128x128	1263	1605	256	256
6395. 128x128	229	79	256	256
6543. 128x128	2845	237	256	256
7275. 128x128	1171	2844	256	256
7485. 128x128	1787	1093	256	256
8112. 128x128	1369	2799	256	256
8845. 128x128	974	2309	256	256
8653. 128x128	3458	1896	256	256
10299. 128x128	726	2070	256	256
11118. 128x128	1369	2799	256	256
11313. 128x128	1867	3152	256	256
11371. 128x128	1496	1306	256	256
12029. 128x128	2773	3790	256	256
12156. 128x128	2773	3790	256	256
12395. 128x128	3131	740	256	256
13108. 128x128	3479	690	256	256
13634. 128x128	2227	671	256	256
13821. 128x128	3333	1088	256	256
14044. 128x128	2803	2502	256	256
14752. 128x128	3769	1929	256	256
15046. 128x128	761	515	256	256
15330. 128x128	1341	1241	256	256
