291. 128x128	134	238	256	256
469. 128x128	516	899	256	256
67. 128x128	316	815	256	256
2161. 128x128	733	2292	256	256
2670. 128x128	2574	3628	256	256
4206. 128x128	2301	1204	256	256
4752. 128x128	811	2753	256	256
4480. 128x128	235	1120	256	256
5325. 128x128	1190	110	256	256
5340. 128x128	2790	1343	256	256
5988. 128x128	647	3242	256	256
6656. 128x128	999	2641	256	256
8616. 128x128	1057	1118	256	256
9356. 128x128	994	3048	256	256
9712. 128x128	3090	3778	256	256
10238. 128x128	3200	2716	256	256
11820. 128x128	1437	616	256	256
12723. 128x128	3615	1209	256	256
14161. 128x128	540	90	256	256
