450. 128x128	3024	1441	256	256
912. 128x128	1272	3806	256	256
1799. 128x128	553	1032	256	256
3735. 128x128	2768	3147	256	256
4222. 128x128	583	386	256	256
4621. 128x128	945	3150	256	256
5341. 128x128	3706	503	256	256
5647. 128x128	1201	1784	256	256
5758. 128x128	2258	3250	256	256
5803. 128x128	2132	1562	256	256
6335. 128x128	1923	2590	256	256
6907. 128x128	2932	3745	256	256
7224. 128x128	3122	1312	256	256
7235. 128x128	1658	2307	256	256
9284. 128x128	764	3110	256	256
9744. 128x128	1603	2680	256	256
10826. 128x128	1793	3772	256	256
12514. 128x128	1986	506	256	256
13044. 128x128	2562	1106	256	256
13298. 128x128	2553	1237	256	256
13393. 128x128	2309	2027	256	256
14690. 128x128	2183	3639	256	256
14925. 128x128	3531	1173	256	256
