567. 128x128	3254	362	256	256
244. 128x128	3749	3061	256	256
802. 128x128	3104	1761	256	256
934. 128x128	1490	369	256	256
1429. 128x128	1537	2383	256	256
1798. 128x128	1343	629	256	256
2238. 128x128	404	2690	256	256
3266. 128x128	2889	2501	256	256
4113. 128x128	1892	2722	256	256
5036. 128x128	184	1186	256	256
5062. 128x128	225	1195	256	256
5629. 128x128	2541	597	256	256
6009. 128x128	1872	588	256	256
6461. 128x128	956	2022	256	256
7091. 128x128	424	2409	256	256
7544. 128x128	2882	54	256	256
8171. 128x128	1893	2564	256	256
8143. 128x128	640	3790	256	256
9312. 128x128	1290	433	256	256
9457. 128x128	1038	1145	256	256
9778. 128x128	75	155	256	256
10204. 128x128	3370	201	256	256
11149. 128x128	640	3790	256	256
11725. 128x128	2693	107	256	256
11830. 128x128	3317	1897	256	256
12279. 128x128	1497	282	256	256
12511. 128x128	817	2064	256	256
12626. 128x128	2220	720	256	256
12807. 128x128	817	2064	256	256
13850. 128x128	3763	359	256	256
13934. 128x128	2374	530	256	256
14739. 128x128	1188	863	256	256
14978. 128x128	2796	641	256	256
