555. 128x128	2566	3834	256	256
818. 128x128	1300	1285	256	256
820. 128x128	1490	1744	256	256
1578. 128x128	212	1942	256	256
1659. 128x128	2098	3664	256	256
1679. 128x128	2010	2379	256	256
1445. 128x128	1790	603	256	256
1450. 128x128	1296	1005	256	256
2378. 128x128	1410	3353	256	256
2982. 128x128	1695	2487	256	256
4866. 128x128	520	721	256	256
7387. 128x128	778	2157	256	256
9640. 128x128	285	1449	256	256
10223. 128x128	1210	2115	256	256
10645. 128x128	113	530	256	256
10964. 128x128	3290	2935	256	256
11698. 128x128	666	2900	256	256
12013. 128x128	356	1610	256	256
12140. 128x128	356	1610	256	256
13198. 128x128	1980	2076	256	256
13537. 128x128	1980	2076	256	256
13828. 128x128	3527	2693	256	256
13929. 128x128	3391	1958	256	256
13944. 128x128	1427	2370	256	256
