226. 128x128	2624	3820	256	256
4414. 128x128	1315	1349	256	256
5170. 128x128	3023	3136	256	256
5211. 128x128	2320	611	256	256
6935. 128x128	85	3223	256	256
7028. 128x128	1250	1826	256	256
8978. 128x128	2847	1960	256	256
9260. 128x128	1769	2328	256	256
10612. 128x128	2790	1381	256	256
10837. 128x128	427	583	256	256
11239. 128x128	2682	1098	256	256
11369. 128x128	1210	1052	256	256
11801. 128x128	600	406	256	256
12283. 128x128	3128	1538	256	256
12646. 128x128	1001	255	256	256
13837. 128x128	3015	1642	256	256
