686. 128x128	2768	2329	256	256
320. 128x128	2065	3448	256	256
844. 128x128	1902	325	256	256
1346. 128x128	2088	1596	256	256
1709. 128x128	2922	2168	256	256
1842. 128x128	3194	2879	256	256
2346. 128x128	2587	2587	256	256
3966. 128x128	2400	54	256	256
4211. 128x128	3079	2729	256	256
5278. 128x128	2405	1887	256	256
5227. 128x128	2962	156	256	256
6175. 128x128	164	3681	256	256
6512. 128x128	2530	2714	256	256
6852. 128x128	3012	146	256	256
8213. 128x128	3012	3305	256	256
8423. 128x128	597	1062	256	256
10039. 128x128	512	532	256	256
11020. 128x128	682	3485	256	256
11645. 128x128	970	769	256	256
13137. 128x128	626	3149	256	256
14375. 128x128	2975	3207	256	256
15175. 128x128	2935	1820	256	256
15244. 128x128	1419	2216	256	256
15297. 128x128	1910	3688	256	256
