421. 128x128	3419	2202	256	256
119. 128x128	2330	3312	256	256
146. 128x128	2411	1472	256	256
518. 128x128	3552	801	256	256
3194. 128x128	1258	2557	256	256
3084. 128x128	2049	3539	256	256
4711. 128x128	668	2906	256	256
5626. 128x128	2373	2409	256	256
6249. 128x128	930	2599	256	256
7109. 128x128	1223	3828	256	256
8082. 128x128	1261	2681	256	256
8467. 128x128	2639	1119	256	256
8655. 128x128	2545	3753	256	256
9068. 128x128	1265	1328	256	256
9821. 128x128	3602	781	256	256
11088. 128x128	1261	2681	256	256
14923. 128x128	3722	3469	256	256
15084. 128x128	418	475	256	256
