362. 128x128	814	3521	256	256
1116. 128x128	3546	329	256	256
1397. 128x128	1210	2221	256	256
1600. 128x128	2283	2280	256	256
1931. 128x128	3054	504	256	256
2275. 128x128	2658	2231	256	256
2076. 128x128	2238	786	256	256
3026. 128x128	663	2272	256	256
3111. 128x128	737	1357	256	256
3057. 128x128	239	2684	256	256
3372. 128x128	767	729	256	256
4041. 128x128	2410	2241	256	256
4323. 128x128	2571	167	256	256
4714. 128x128	3048	2868	256	256
5721. 128x128	2779	1351	256	256
6202. 128x128	3644	369	256	256
6802. 128x128	907	1638	256	256
7065. 128x128	1259	1609	256	256
7802. 128x128	85	106	256	256
9304. 128x128	1160	1974	256	256
9845. 128x128	1804	1313	256	256
10144. 128x128	2444	3823	256	256
11296. 128x128	2286	1895	256	256
12705. 128x128	2894	366	256	256
12757. 128x128	3163	869	256	256
13480. 128x128	3154	3177	256	256
14296. 128x128	3111	19	256	256
14333. 128x128	2685	284	256	256
14600. 128x128	334	435	256	256
14781. 128x128	2442	154	256	256
