537. 128x128	44	984	256	256
223. 128x128	2912	2950	256	256
696. 128x128	2029	1475	256	256
621. 128x128	2791	857	256	256
1192. 128x128	1084	2525	256	256
537. 128x128	44	984	256	256
1643. 128x128	805	1189	256	256
2457. 128x128	1316	3592	256	256
2811. 128x128	63	590	256	256
3085. 128x128	1664	1008	256	256
4745. 128x128	2869	3552	256	256
6773. 128x128	887	3072	256	256
8403. 128x128	2138	1861	256	256
8305. 128x128	220	1180	256	256
8577. 128x128	251	3750	256	256
9146. 128x128	339	1783	256	256
9843. 128x128	167	2991	256	256
10747. 128x128	2214	241	256	256
11442. 128x128	790	432	256	256
11546. 128x128	790	432	256	256
12400. 128x128	1020	3764	256	256
13913. 128x128	693	878	256	256
14512. 128x128	3620	3422	256	256
