232. 128x128	1890	2204	256	256
3507. 128x128	2307	106	256	256
3936. 128x128	600	1741	256	256
4160. 128x128	1235	3547	256	256
5506. 128x128	2246	956	256	256
5775. 128x128	765	2150	256	256
6940. 128x128	2847	1237	256	256
7422. 128x128	1113	1334	256	256
7392. 128x128	3810	1790	256	256
8410. 128x128	1854	175	256	256
10087. 128x128	2571	3124	256	256
12636. 128x128	1920	2664	256	256
12648. 128x128	1554	1456	256	256
12997. 128x128	789	2708	256	256
13227. 128x128	3077	319	256	256
13566. 128x128	3077	319	256	256
14017. 128x128	1886	1331	256	256
14204. 128x128	814	3829	256	256
14804. 128x128	3805	3641	256	256
14863. 128x128	2695	1471	256	256
