44. 128x128	2868	3547	256	256
245. 128x128	1811	2537	256	256
272. 128x128	2714	1926	256	256
115. 128x128	1493	1061	256	256
2047. 128x128	1280	2809	256	256
2133. 128x128	1618	2679	256	256
3504. 128x128	274	1732	256	256
3593. 128x128	1244	1332	256	256
3896. 128x128	2525	1405	256	256
5817. 128x128	2719	3118	256	256
6195. 128x128	3113	2354	256	256
6580. 128x128	1596	3134	256	256
7190. 128x128	3246	1830	256	256
7218. 128x128	1221	2644	256	256
7714. 128x128	776	561	256	256
8136. 128x128	3505	2474	256	256
8564. 128x128	1972	924	256	256
10100. 128x128	2694	1239	256	256
10104. 128x128	1981	1138	256	256
11142. 128x128	3505	2474	256	256
11426. 128x128	300	3322	256	256
12091. 128x128	1834	2610	256	256
12218. 128x128	1834	2610	256	256
12463. 128x128	2261	3029	256	256
12678. 128x128	2287	928	256	256
14200. 128x128	2861	2990	256	256
