335. 128x128	2681	393	256	256
1691. 128x128	3633	3534	256	256
1860. 128x128	2433	641	256	256
2742. 128x128	2210	779	256	256
2812. 128x128	211	816	256	256
3158. 128x128	1602	3247	256	256
3069. 128x128	3001	758	256	256
3241. 128x128	1602	3247	256	256
3632. 128x128	874	990	256	256
3935. 128x128	2192	3043	256	256
4037. 128x128	2789	3747	256	256
4756. 128x128	3669	339	256	256
4798. 128x128	3070	3007	256	256
5104. 128x128	2286	2702	256	256
5607. 128x128	690	507	256	256
7527. 128x128	3559	2435	256	256
7405. 128x128	2581	673	256	256
8068. 128x128	1058	2534	256	256
8077. 128x128	1649	2078	256	256
8035. 128x128	1457	509	256	256
8465. 128x128	2178	3667	256	256
8763. 128x128	3033	2743	256	256
8794. 128x128	3280	1900	256	256
9051. 128x128	647	3225	256	256
9443. 128x128	2000	302	256	256
9480. 128x128	126	1899	256	256
10250. 128x128	3781	1449	256	256
10686. 128x128	2501	2	256	256
10629. 128x128	3473	2674	256	256
11039. 128x128	1457	509	256	256
11074. 128x128	1058	2534	256	256
11083. 128x128	1649	2078	256	256
11273. 128x128	955	2912	256	256
11466. 128x128	3425	1828	256	256
11574. 128x128	3425	1828	256	256
12502. 128x128	235	1901	256	256
12798. 128x128	235	1901	256	256
14270. 128x128	3756	3699	256	256
14619. 128x128	3652	2983	256	256
14986. 128x128	2118	1372	256	256
15007. 128x128	1997	2286	256	256
