509. 128x128	3354	243	256	256
1497. 128x128	2704	795	256	256
1662. 128x128	3502	2742	256	256
2036. 128x128	3391	67	256	256
2180. 128x128	1686	70	256	256
3598. 128x128	898	2691	256	256
3874. 128x128	2309	2165	256	256
4456. 128x128	1452	3620	256	256
4628. 128x128	193	84	256	256
4520. 128x128	1668	2050	256	256
4843. 128x128	2684	3831	256	256
5027. 128x128	2037	3370	256	256
5469. 128x128	1008	1357	256	256
6111. 128x128	2637	2857	256	256
6328. 128x128	1989	3026	256	256
6770. 128x128	2891	2648	256	256
6999. 128x128	2489	774	256	256
8318. 128x128	506	538	256	256
8508. 128x128	2016	2488	256	256
9810. 128x128	168	3275	256	256
9867. 128x128	617	1740	256	256
9980. 128x128	1337	968	256	256
10766. 128x128	85	1410	256	256
11340. 128x128	3297	1850	256	256
14130. 128x128	3555	1273	256	256
14668. 128x128	2873	485	256	256
14842. 128x128	2873	485	256	256
