142. 128x128	3030	706	256	256
736. 128x128	2339	2500	256	256
870. 128x128	610	165	256	256
143. 128x128	949	31	256	256
1348. 128x128	2100	77	256	256
1836. 128x128	1296	2749	256	256
2719. 128x128	1308	791	256	256
5534. 128x128	250	805	256	256
5420. 128x128	2282	3729	256	256
5944. 128x128	1533	3553	256	256
6185. 128x128	1864	1474	256	256
8128. 128x128	986	1399	256	256
9383. 128x128	2742	1760	256	256
9627. 128x128	2540	3632	256	256
10031. 128x128	2946	528	256	256
11134. 128x128	986	1399	256	256
11491. 128x128	3259	772	256	256
11599. 128x128	3259	772	256	256
12462. 128x128	2838	1353	256	256
13453. 128x128	1180	545	256	256
13790. 128x128	285	1461	256	256
