280. 128x128	2950	1674	256	256
1237. 128x128	2015	3560	256	256
603. 128x128	139	2060	256	256
2614. 128x128	2991	3552	256	256
2714. 128x128	3572	801	256	256
3129. 128x128	1993	650	256	256
5782. 128x128	3760	777	256	256
6377. 128x128	2100	324	256	256
6645. 128x128	1898	2706	256	256
6795. 128x128	1263	3442	256	256
7391. 128x128	933	1542	256	256
11181. 128x128	1113	3767	256	256
12774. 128x128	2837	2683	256	256
14236. 128x128	806	2508	256	256
14841. 128x128	3479	2138	256	256
15113. 128x128	2707	3744	256	256
