338. 128x128	793	1793	256	256
171. 128x128	3785	2042	256	256
1568. 128x128	2586	1777	256	256
1856. 128x128	574	3555	256	256
1920. 128x128	1598	2211	256	256
3148. 128x128	1238	1963	256	256
3124. 128x128	2234	273	256	256
2891. 128x128	1421	2853	256	256
3231. 128x128	1238	1963	256	256
4233. 128x128	125	1844	256	256
5941. 128x128	2741	1634	256	256
6456. 128x128	2377	1085	256	256
6715. 128x128	1310	2827	256	256
7533. 128x128	862	940	256	256
7710. 128x128	442	1164	256	256
8249. 128x128	531	2626	256	256
10348. 128x128	1487	2991	256	256
10406. 128x128	1468	3419	256	256
10730. 128x128	358	3739	256	256
10765. 128x128	2893	2784	256	256
11996. 128x128	2699	2081	256	256
13844. 128x128	2027	275	256	256
14425. 128x128	747	1081	256	256
14706. 128x128	2952	2719	256	256
