132. 128x128	41	784	256	256
712. 128x128	2683	1810	256	256
548. 128x128	816	3573	256	256
1287. 128x128	2419	3405	256	256
1678. 128x128	2571	2280	256	256
1637. 128x128	302	3680	256	256
1816. 128x128	3002	1664	256	256
2209. 128x128	2485	2575	256	256
2376. 128x128	419	540	256	256
2835. 128x128	1074	289	256	256
2792. 128x128	318	1736	256	256
3131. 128x128	3076	1432	256	256
3197. 128x128	1826	3740	256	256
3493. 128x128	3135	2056	256	256
3560. 128x128	202	1495	256	256
4501. 128x128	2554	1748	256	256
5002. 128x128	2268	814	256	256
4878. 128x128	1033	529	256	256
5135. 128x128	131	619	256	256
6343. 128x128	378	485	256	256
6369. 128x128	2460	2782	256	256
6511. 128x128	1064	74	256	256
6523. 128x128	3292	654	256	256
6672. 128x128	2727	1509	256	256
7125. 128x128	3689	31	256	256
7521. 128x128	2597	2657	256	256
8238. 128x128	259	764	256	256
8716. 128x128	597	2172	256	256
8883. 128x128	2559	134	256	256
10261. 128x128	3432	3183	256	256
11226. 128x128	1448	195	256	256
11669. 128x128	1296	112	256	256
11860. 128x128	1879	794	256	256
11870. 128x128	769	2042	256	256
12660. 128x128	2673	2750	256	256
13736. 128x128	2871	572	256	256
14184. 128x128	1417	951	256	256
14175. 128x128	3728	1208	256	256
15107. 128x128	277	2905	256	256
15348. 128x128	3813	1414	256	256
