42. 128x128	1591	3332	256	256
179. 128x128	3544	1973	256	256
1545. 128x128	833	3492	256	256
1702. 128x128	1525	76	256	256
1843. 128x128	2272	1328	256	256
2027. 128x128	1585	739	256	256
2068. 128x128	1763	3184	256	256
2103. 128x128	326	2575	256	256
2592. 128x128	3165	1702	256	256
3693. 128x128	3463	2995	256	256
4040. 128x128	1925	3307	256	256
4312. 128x128	3155	1381	256	256
4321. 128x128	32	2593	256	256
4449. 128x128	1452	1349	256	256
5972. 128x128	1392	1677	256	256
6012. 128x128	591	2128	256	256
6739. 128x128	3027	1644	256	256
7681. 128x128	11	3691	256	256
7865. 128x128	3701	1170	256	256
8551. 128x128	1216	221	256	256
8525. 128x128	100	2625	256	256
9711. 128x128	887	2935	256	256
9769. 128x128	3255	438	256	256
10025. 128x128	1673	1825	256	256
10370. 128x128	2377	2064	256	256
10987. 128x128	2303	1881	256	256
11357. 128x128	1407	2030	256	256
11962. 128x128	556	1767	256	256
13916. 128x128	2719	2458	256	256
15335. 128x128	2731	109	256	256
