576. 128x128	169	2544	256	256
236. 128x128	1863	2357	256	256
4849. 128x128	2619	3315	256	256
5779. 128x128	1671	3170	256	256
6025. 128x128	3268	2549	256	256
6070. 128x128	2055	114	256	256
6173. 128x128	1401	2198	256	256
6918. 128x128	2302	506	256	256
7435. 128x128	1714	1583	256	256
7692. 128x128	2661	669	256	256
8032. 128x128	584	846	256	256
8394. 128x128	137	3142	256	256
9121. 128x128	1523	426	256	256
9622. 128x128	637	3666	256	256
10723. 128x128	1817	340	256	256
11036. 128x128	584	846	256	256
11315. 128x128	427	1294	256	256
11350. 128x128	3766	1555	256	256
12098. 128x128	3829	533	256	256
12225. 128x128	3829	533	256	256
12578. 128x128	3534	3306	256	256
12874. 128x128	3534	3306	256	256
14785. 128x128	748	3585	256	256
