299. 128x128	1634	1751	256	256
275. 128x128	3233	1669	256	256
1010. 128x128	3483	2777	256	256
1280. 128x128	2118	3611	256	256
1713. 128x128	434	3799	256	256
3167. 128x128	1507	2665	256	256
3250. 128x128	1507	2665	256	256
3673. 128x128	3837	89	256	256
3450. 128x128	1871	947	256	256
4089. 128x128	1839	2287	256	256
4357. 128x128	3630	1952	256	256
5065. 128x128	3365	3402	256	256
7591. 128x128	3717	3387	256	256
8201. 128x128	2420	2708	256	256
8580. 128x128	3569	2723	256	256
9027. 128x128	2586	980	256	256
9145. 128x128	3039	2410	256	256
9259. 128x128	3586	3810	256	256
9655. 128x128	2903	3631	256	256
11249. 128x128	2475	1707	256	256
11260. 128x128	269	2230	256	256
11493. 128x128	341	3831	256	256
11601. 128x128	341	3831	256	256
12068. 128x128	3233	547	256	256
12195. 128x128	3233	547	256	256
12741. 128x128	2610	495	256	256
12868. 128x128	2675	893	256	256
14036. 128x128	3103	2749	256	256
14686. 128x128	881	1437	256	256
14814. 128x128	3138	3567	256	256
14861. 128x128	881	1437	256	256
14934. 128x128	3418	1945	256	256
