235. 128x128	3632	1487	256	256
720. 128x128	3449	2005	256	256
1505. 128x128	1331	3041	256	256
1697. 128x128	967	2752	256	256
2631. 128x128	1465	2704	256	256
3512. 128x128	1743	1682	256	256
3727. 128x128	1130	1438	256	256
4658. 128x128	315	2253	256	256
4767. 128x128	404	446	256	256
4739. 128x128	1704	3032	256	256
5337. 128x128	3607	1098	256	256
5648. 128x128	1515	2856	256	256
6700. 128x128	1591	2790	256	256
8103. 128x128	3298	886	256	256
9292. 128x128	84	945	256	256
9696. 128x128	2814	1099	256	256
11109. 128x128	3298	886	256	256
13353. 128x128	2279	1051	256	256
14077. 128x128	195	2172	256	256
14080. 128x128	2538	1174	256	256
