627. 128x128	3370	419	256	256
1141. 128x128	803	943	256	256
2131. 128x128	1306	1979	256	256
2016. 128x128	2074	159	256	256
2928. 128x128	1103	472	256	256
3811. 128x128	2474	3830	256	256
4629. 128x128	1458	3398	256	256
4812. 128x128	3563	3341	256	256
4954. 128x128	2293	1441	256	256
4982. 128x128	2928	3199	256	256
5932. 128x128	2127	3277	256	256
7043. 128x128	412	1413	256	256
7425. 128x128	981	1508	256	256
7731. 128x128	1426	3400	256	256
8154. 128x128	1258	1405	256	256
9390. 128x128	1830	1903	256	256
10103. 128x128	1088	182	256	256
10607. 128x128	2488	3220	256	256
11243. 128x128	216	2655	256	256
11160. 128x128	1258	1405	256	256
11742. 128x128	893	2675	256	256
12742. 128x128	1324	734	256	256
12650. 128x128	2279	1491	256	256
13090. 128x128	3093	3583	256	256
13764. 128x128	3757	1302	256	256
14281. 128x128	3213	2545	256	256
14324. 128x128	3564	2476	256	256
14763. 128x128	167	2154	256	256
15079. 128x128	172	3425	256	256
