183. 128x128	641	992	256	256
36. 128x128	1055	3420	256	256
649. 128x128	2907	3089	256	256
98. 128x128	284	32	256	256
2591. 128x128	3654	1825	256	256
3423. 128x128	2655	2187	256	256
4433. 128x128	1751	1082	256	256
5055. 128x128	2217	3572	256	256
6076. 128x128	2688	610	256	256
5959. 128x128	2404	3043	256	256
6844. 128x128	3198	1886	256	256
7304. 128x128	59	1505	256	256
7970. 128x128	3408	1771	256	256
8370. 128x128	3050	2354	256	256
9625. 128x128	2476	1720	256	256
11285. 128x128	3581	2308	256	256
11501. 128x128	1402	2054	256	256
12607. 128x128	693	3239	256	256
12680. 128x128	1252	1607	256	256
