684. 128x128	2272	2762	256	256
1502. 128x128	1703	2707	256	256
1533. 128x128	1422	2123	256	256
1547. 128x128	3114	3442	256	256
2365. 128x128	3774	1987	256	256
2547. 128x128	3049	1031	256	256
3549. 128x128	960	460	256	256
4147. 128x128	388	2309	256	256
4606. 128x128	3682	955	256	256
4671. 128x128	1138	303	256	256
4945. 128x128	3787	2511	256	256
6380. 128x128	172	559	256	256
6767. 128x128	3706	2913	256	256
7934. 128x128	1913	2000	256	256
7762. 128x128	256	192	256	256
8029. 128x128	1028	2192	256	256
8773. 128x128	1998	2055	256	256
8872. 128x128	1380	1640	256	256
9004. 128x128	1984	3578	256	256
9144. 128x128	3672	1606	256	256
9479. 128x128	648	2125	256	256
10739. 128x128	3263	2308	256	256
11033. 128x128	1028	2192	256	256
11504. 128x128	1116	2240	256	256
11615. 128x128	1116	2240	256	256
11661. 128x128	1637	83	256	256
12014. 128x128	344	1792	256	256
11887. 128x128	3826	2706	256	256
11901. 128x128	2687	735	256	256
12141. 128x128	344	1792	256	256
13201. 128x128	718	3839	256	256
13540. 128x128	718	3839	256	256
14463. 128x128	321	1053	256	256
