283. 128x128	3045	1323	256	256
874. 128x128	2344	794	256	256
1157. 128x128	2515	157	256	256
166. 128x128	2357	1877	256	256
1571. 128x128	1186	123	256	256
1941. 128x128	1372	1550	256	256
2693. 128x128	2819	3802	256	256
2696. 128x128	1637	3685	256	256
3035. 128x128	645	1352	256	256
3176. 128x128	2506	1489	256	256
3259. 128x128	2506	1489	256	256
3349. 128x128	1626	2413	256	256
3397. 128x128	1936	1794	256	256
3488. 128x128	1024	3686	256	256
3577. 128x128	2029	381	256	256
3847. 128x128	1940	1083	256	256
4265. 128x128	3013	1066	256	256
4742. 128x128	56	2685	256	256
5217. 128x128	3596	3517	256	256
5575. 128x128	667	622	256	256
5694. 128x128	1765	2331	256	256
5999. 128x128	493	2270	256	256
7149. 128x128	638	3022	256	256
7175. 128x128	246	3715	256	256
8239. 128x128	2293	503	256	256
8474. 128x128	747	36	256	256
11432. 128x128	2832	1024	256	256
12089. 128x128	438	1088	256	256
12216. 128x128	438	1088	256	256
12374. 128x128	104	2865	256	256
12677. 128x128	1084	1811	256	256
13647. 128x128	3085	3539	256	256
13686. 128x128	604	697	256	256
14008. 128x128	2599	3728	256	256
14191. 128x128	280	570	256	256
