264. 128x128	3753	1812	256	256
926. 128x128	754	2465	256	256
556. 128x128	199	3304	256	256
1764. 128x128	933	894	256	256
5195. 128x128	172	3804	256	256
5298. 128x128	516	1477	256	256
5821. 128x128	2240	118	256	256
6431. 128x128	1011	2902	256	256
7164. 128x128	2515	669	256	256
9095. 128x128	1806	140	256	256
9280. 128x128	1526	3145	256	256
9495. 128x128	951	3123	256	256
9893. 128x128	1793	872	256	256
9922. 128x128	579	2387	256	256
13285. 128x128	2194	727	256	256
14295. 128x128	1786	2173	256	256
14883. 128x128	2911	3336	256	256
15258. 128x128	204	2824	256	256
