527. 128x128	2436	1203	256	256
482. 128x128	1205	2716	256	256
1822. 128x128	2061	2402	256	256
2314. 128x128	1854	319	256	256
3021. 128x128	1325	1827	256	256
3146. 128x128	40	188	256	256
3229. 128x128	40	188	256	256
3731. 128x128	326	1284	256	256
4227. 128x128	3360	3395	256	256
4409. 128x128	1409	2325	256	256
4521. 128x128	1304	527	256	256
4961. 128x128	3367	3039	256	256
5405. 128x128	1176	2202	256	256
6256. 128x128	963	1470	256	256
6500. 128x128	280	2559	256	256
6896. 128x128	278	1792	256	256
7559. 128x128	764	3031	256	256
8462. 128x128	3513	2787	256	256
8747. 128x128	1939	1674	256	256
9387. 128x128	702	3066	256	256
9823. 128x128	3279	868	256	256
10098. 128x128	720	3067	256	256
11375. 128x128	3040	1851	256	256
13348. 128x128	3367	2458	256	256
14911. 128x128	3069	2386	256	256
