511. 128x128	1786	203	256	256
1095. 128x128	2931	1593	256	256
1437. 128x128	874	2879	256	256
1939. 128x128	1643	1712	256	256
2825. 128x128	3455	444	256	256
3711. 128x128	3666	3033	256	256
4298. 128x128	2763	3375	256	256
4365. 128x128	3366	237	256	256
5177. 128x128	2552	3493	256	256
6244. 128x128	2150	1445	256	256
6609. 128x128	1398	2737	256	256
7099. 128x128	3743	1100	256	256
7734. 128x128	16	3115	256	256
8521. 128x128	1569	87	256	256
9449. 128x128	3023	1513	256	256
9740. 128x128	2023	3192	256	256
9979. 128x128	3476	2377	256	256
11332. 128x128	2030	2033	256	256
11826. 128x128	3204	44	256	256
11909. 128x128	3159	1805	256	256
12095. 128x128	3012	320	256	256
12222. 128x128	3012	320	256	256
12271. 128x128	1625	78	256	256
12510. 128x128	578	528	256	256
13049. 128x128	209	777	256	256
13418. 128x128	3125	1849	256	256
13606. 128x128	1620	1864	256	256
14671. 128x128	3545	3525	256	256
14845. 128x128	3545	3525	256	256
