636. 128x128	2404	2851	256	256
456. 128x128	317	867	256	256
2250. 128x128	728	418	256	256
2189. 128x128	655	2161	256	256
2008. 128x128	1715	3503	256	256
3961. 128x128	1249	3311	256	256
4194. 128x128	1618	1363	256	256
5286. 128x128	1849	3298	256	256
5750. 128x128	2412	1347	256	256
5995. 128x128	2268	3745	256	256
6372. 128x128	783	1106	256	256
6886. 128x128	816	1649	256	256
6593. 128x128	3195	8	256	256
7087. 128x128	2849	2088	256	256
8176. 128x128	2590	1625	256	256
8242. 128x128	346	2015	256	256
9055. 128x128	1307	2239	256	256
9857. 128x128	961	2263	256	256
10306. 128x128	1251	910	256	256
10748. 128x128	1399	1519	256	256
10780. 128x128	2370	1939	256	256
11666. 128x128	3180	950	256	256
12408. 128x128	1478	1452	256	256
13388. 128x128	1483	2778	256	256
14659. 128x128	553	1194	256	256
