307. 128x128	667	369	256	256
1037. 128x128	3072	2326	256	256
298. 128x128	1554	1324	256	256
2356. 128x128	1116	1506	256	256
3091. 128x128	1973	1482	256	256
3141. 128x128	2043	2725	256	256
5897. 128x128	2823	2959	256	256
6547. 128x128	3529	1898	256	256
8155. 128x128	10	2918	256	256
8135. 128x128	2357	1586	256	256
10635. 128x128	2241	794	256	256
11141. 128x128	2357	1586	256	256
11161. 128x128	10	2918	256	256
11290. 128x128	1746	2550	256	256
13972. 128x128	2290	3301	256	256
14114. 128x128	2116	1592	256	256
15119. 128x128	3301	3730	256	256
