483. 128x128	3596	3775	256	256
415. 128x128	3260	398	256	256
116. 128x128	388	1161	256	256
495. 128x128	1088	183	256	256
1206. 128x128	3039	295	256	256
1667. 128x128	1438	3499	256	256
2387. 128x128	232	3297	256	256
3771. 128x128	2783	3740	256	256
4056. 128x128	2235	3703	256	256
3960. 128x128	3192	1866	256	256
4303. 128x128	653	260	256	256
4637. 128x128	2102	1624	256	256
7341. 128x128	1494	3439	256	256
9415. 128x128	1977	3369	256	256
9617. 128x128	1863	2289	256	256
10705. 128x128	2906	1303	256	256
10868. 128x128	3077	808	256	256
10869. 128x128	1566	2343	256	256
11316. 128x128	496	1872	256	256
11459. 128x128	1944	412	256	256
12876. 128x128	627	3664	256	256
13007. 128x128	2734	687	256	256
13099. 128x128	2870	1329	256	256
13297. 128x128	1403	2964	256	256
13935. 128x128	3604	972	256	256
13964. 128x128	1977	312	256	256
14081. 128x128	3409	1542	256	256
14274. 128x128	3236	2320	256	256
