106. 128x128	394	997	256	256
1634. 128x128	3574	807	256	256
4478. 128x128	1731	590	256	256
6360. 128x128	467	36	256	256
6752. 128x128	456	2074	256	256
6830. 128x128	2826	1260	256	256
7699. 128x128	2499	2647	256	256
7837. 128x128	2401	793	256	256
8739. 128x128	565	2536	256	256
9924. 128x128	2936	947	256	256
9950. 128x128	646	2336	256	256
10949. 128x128	2694	528	256	256
13211. 128x128	1594	3012	256	256
13417. 128x128	659	2029	256	256
13550. 128x128	1594	3012	256	256
13793. 128x128	2072	2242	256	256
