315. 128x128	3069	566	256	256
215. 128x128	245	2788	256	256
1375. 128x128	3507	1756	256	256
3597. 128x128	3562	2168	256	256
4005. 128x128	1479	2732	256	256
4800. 128x128	3506	2715	256	256
4816. 128x128	2212	2749	256	256
5236. 128x128	2713	303	256	256
5751. 128x128	1412	1054	256	256
5870. 128x128	2682	3333	256	256
5811. 128x128	3174	2077	256	256
7512. 128x128	799	3492	256	256
8063. 128x128	106	1220	256	256
8599. 128x128	1643	698	256	256
9464. 128x128	948	1350	256	256
10690. 128x128	3648	361	256	256
11069. 128x128	106	1220	256	256
12270. 128x128	2055	3706	256	256
13782. 128x128	3564	3550	256	256
13920. 128x128	3701	1107	256	256
14650. 128x128	1710	1935	256	256
14818. 128x128	3661	2246	256	256
15232. 128x128	2280	2308	256	256
