210. 128x128	1542	442	256	256
916. 128x128	357	3129	256	256
1145. 128x128	2259	399	256	256
2037. 128x128	1451	2831	256	256
3369. 128x128	347	1579	256	256
4913. 128x128	2884	1084	256	256
6954. 128x128	314	2489	256	256
6847. 128x128	2554	3412	256	256
7317. 128x128	105	2673	256	256
9271. 128x128	1384	2842	256	256
10118. 128x128	1232	2352	256	256
10378. 128x128	83	3456	256	256
10388. 128x128	2202	3449	256	256
10300. 128x128	2914	2547	256	256
11758. 128x128	3670	497	256	256
13207. 128x128	920	160	256	256
13546. 128x128	920	160	256	256
14228. 128x128	2084	3488	256	256
15210. 128x128	2759	2798	256	256
15155. 128x128	3809	1334	256	256
