480. 128x128	2411	2395	256	256
2769. 128x128	3031	3730	256	256
2964. 128x128	3791	298	256	256
5465. 128x128	120	0	256	256
5356. 128x128	689	1631	256	256
5686. 128x128	2826	3490	256	256
6611. 128x128	195	2664	256	256
6983. 128x128	3408	890	256	256
7107. 128x128	3218	3495	256	256
8036. 128x128	2052	544	256	256
9197. 128x128	1030	1954	256	256
9416. 128x128	2915	3681	256	256
10055. 128x128	876	361	256	256
10426. 128x128	747	3430	256	256
10684. 128x128	2978	1601	256	256
10691. 128x128	3768	1531	256	256
11041. 128x128	2052	544	256	256
11342. 128x128	1285	1952	256	256
11998. 128x128	3378	633	256	256
12071. 128x128	1934	1861	256	256
12198. 128x128	1934	1861	256	256
13380. 128x128	3311	1995	256	256
13619. 128x128	281	2365	256	256
14980. 128x128	1724	70	256	256
