325. 128x128	275	1919	256	256
959. 128x128	79	1473	256	256
1909. 128x128	1527	1327	256	256
1766. 128x128	2035	1100	256	256
2499. 128x128	3344	319	256	256
2624. 128x128	2967	1420	256	256
4914. 128x128	2009	2924	256	256
4972. 128x128	2813	2147	256	256
5457. 128x128	335	1326	256	256
5242. 128x128	3053	1310	256	256
5408. 128x128	2244	1402	256	256
6418. 128x128	2329	3611	256	256
6903. 128x128	1639	1185	256	256
9113. 128x128	1476	1350	256	256
9618. 128x128	2150	1304	256	256
9676. 128x128	2530	2784	256	256
10149. 128x128	3483	3410	256	256
14150. 128x128	3142	1322	256	256
15257. 128x128	1943	2452	256	256
