664. 128x128	3647	3300	256	256
705. 128x128	2987	744	256	256
711. 128x128	2674	2449	256	256
546. 128x128	3697	1328	256	256
1829. 128x128	659	166	256	256
1782. 128x128	1207	2885	256	256
2051. 128x128	3272	1505	256	256
2707. 128x128	2004	3065	256	256
2944. 128x128	134	2393	256	256
2963. 128x128	1399	681	256	256
2970. 128x128	1475	561	256	256
3701. 128x128	355	1334	256	256
3784. 128x128	2589	1174	256	256
3976. 128x128	2724	3318	256	256
4523. 128x128	1988	868	256	256
5736. 128x128	3505	2887	256	256
5921. 128x128	610	1527	256	256
6837. 128x128	71	3456	256	256
6849. 128x128	2354	1984	256	256
6998. 128x128	1081	2616	256	256
8196. 128x128	769	1222	256	256
8472. 128x128	59	895	256	256
8675. 128x128	1517	915	256	256
8990. 128x128	1454	2804	256	256
9418. 128x128	3357	3331	256	256
9484. 128x128	2720	2608	256	256
10079. 128x128	2874	2556	256	256
10202. 128x128	593	1502	256	256
10262. 128x128	615	3611	256	256
10465. 128x128	361	3651	256	256
10611. 128x128	3407	1641	256	256
10883. 128x128	438	2210	256	256
10993. 128x128	3824	34	256	256
11028. 128x128	2157	813	256	256
11917. 128x128	1045	3801	256	256
12124. 128x128	3559	250	256	256
12251. 128x128	3559	250	256	256
13797. 128x128	3339	2062	256	256
13852. 128x128	2031	3785	256	256
14001. 128x128	2770	3308	256	256
14895. 128x128	1151	3335	256	256
14951. 128x128	1713	3083	256	256
