547. 128x128	3450	2018	256	256
122. 128x128	3439	1438	256	256
2258. 128x128	584	2259	256	256
2839. 128x128	2314	2050	256	256
3890. 128x128	3280	3179	256	256
5980. 128x128	3793	493	256	256
7732. 128x128	3099	2535	256	256
8269. 128x128	764	372	256	256
8533. 128x128	2956	2207	256	256
8481. 128x128	787	260	256	256
9680. 128x128	1196	2171	256	256
10066. 128x128	997	448	256	256
10561. 128x128	2865	3476	256	256
11495. 128x128	1526	934	256	256
11718. 128x128	78	945	256	256
12655. 128x128	1137	760	256	256
14219. 128x128	672	1485	256	256
14293. 128x128	2719	2878	256	256
