650. 128x128	2458	1409	256	256
133. 128x128	280	1358	256	256
1460. 128x128	3566	662	256	256
1758. 128x128	3004	469	256	256
1811. 128x128	1849	1784	256	256
2150. 128x128	538	1712	256	256
2971. 128x128	527	45	256	256
3610. 128x128	1613	3319	256	256
4960. 128x128	567	2419	256	256
4986. 128x128	2229	3325	256	256
5492. 128x128	431	1389	256	256
6243. 128x128	645	2392	256	256
6665. 128x128	1846	382	256	256
7185. 128x128	2502	2684	256	256
8005. 128x128	2561	1776	256	256
8782. 128x128	1659	1320	256	256
8488. 128x128	2936	2029	256	256
8892. 128x128	2960	2859	256	256
9511. 128x128	2142	63	256	256
11454. 128x128	2203	234	256	256
11561. 128x128	2203	234	256	256
11865. 128x128	2486	1721	256	256
12729. 128x128	1575	1417	256	256
13921. 128x128	1092	1529	256	256
14542. 128x128	3337	1352	256	256
14550. 128x128	2706	12	256	256
