504. 128x128	928	3352	256	256
919. 128x128	3229	3694	256	256
2319. 128x128	756	3720	256	256
3030. 128x128	2801	2342	256	256
3104. 128x128	433	2434	256	256
3526. 128x128	3423	3551	256	256
3892. 128x128	261	1121	256	256
4164. 128x128	479	189	256	256
4570. 128x128	121	1540	256	256
4937. 128x128	3245	2085	256	256
5102. 128x128	2840	1977	256	256
5981. 128x128	731	1221	256	256
6094. 128x128	2446	1442	256	256
6946. 128x128	2148	3251	256	256
7186. 128x128	3199	2473	256	256
7192. 128x128	421	1949	256	256
7449. 128x128	2734	1356	256	256
7349. 128x128	1202	2697	256	256
7236. 128x128	1469	1703	256	256
7513. 128x128	901	768	256	256
7523. 128x128	2265	1411	256	256
7532. 128x128	2514	203	256	256
7534. 128x128	2327	1307	256	256
8442. 128x128	3332	2927	256	256
8469. 128x128	2499	1181	256	256
8721. 128x128	1137	765	256	256
9691. 128x128	1957	2125	256	256
10138. 128x128	1819	2219	256	256
10543. 128x128	1504	3068	256	256
10704. 128x128	1615	1916	256	256
10624. 128x128	2380	2836	256	256
10922. 128x128	3291	3142	256	256
12411. 128x128	3002	482	256	256
12575. 128x128	1052	3048	256	256
12594. 128x128	1761	3704	256	256
12665. 128x128	1563	2079	256	256
12871. 128x128	1052	3048	256	256
14715. 128x128	747	256	256	256
14791. 128x128	3347	3676	256	256
14890. 128x128	747	256	256	256
