613. 128x128	3183	2840	256	256
535. 128x128	2583	753	256	256
1432. 128x128	1042	205	256	256
1561. 128x128	2585	2934	256	256
4467. 128x128	1307	3640	256	256
4593. 128x128	3535	450	256	256
5271. 128x128	277	1366	256	256
5554. 128x128	1386	2178	256	256
5401. 128x128	351	168	256	256
5713. 128x128	2247	2588	256	256
7239. 128x128	1935	1790	256	256
8011. 128x128	823	3756	256	256
8625. 128x128	746	33	256	256
10335. 128x128	2172	634	256	256
10514. 128x128	983	3782	256	256
10852. 128x128	3208	1953	256	256
11302. 128x128	2243	716	256	256
11411. 128x128	2583	3081	256	256
12917. 128x128	215	1947	256	256
