192. 128x128	2654	750	256	256
3. 128x128	3522	370	256	256
18. 128x128	1182	1382	256	256
355. 128x128	1796	2720	256	256
1875. 128x128	2264	2258	256	256
2462. 128x128	3195	201	256	256
4346. 128x128	2831	3546	256	256
4935. 128x128	889	1318	256	256
5032. 128x128	1671	987	256	256
6660. 128x128	662	40	256	256
7184. 128x128	763	1120	256	256
7729. 128x128	2453	1791	256	256
7967. 128x128	3587	2915	256	256
9919. 128x128	3449	710	256	256
10942. 128x128	1599	3329	256	256
11774. 128x128	1030	406	256	256
11806. 128x128	213	2148	256	256
12325. 128x128	1355	2780	256	256
12363. 128x128	348	1797	256	256
12576. 128x128	2717	3276	256	256
13430. 128x128	2145	2673	256	256
13692. 128x128	841	1340	256	256
13743. 128x128	851	1347	256	256
14133. 128x128	2161	320	256	256
14506. 128x128	797	1887	256	256
15164. 128x128	2268	1685	256	256
