62. 128x128	830	2983	256	256
642. 128x128	2793	2992	256	256
1921. 128x128	2129	1601	256	256
2066. 128x128	382	1536	256	256
2530. 128x128	226	346	256	256
5206. 128x128	1879	3386	256	256
5409. 128x128	833	2958	256	256
5695. 128x128	3591	1706	256	256
5748. 128x128	2173	3687	256	256
5918. 128x128	2625	92	256	256
6608. 128x128	3602	2613	256	256
7987. 128x128	2537	2625	256	256
8979. 128x128	588	3435	256	256
12134. 128x128	233	3241	256	256
12261. 128x128	233	3241	256	256
13125. 128x128	3770	3065	256	256
