206. 128x128	1679	2642	256	256
1189. 128x128	1811	3560	256	256
1350. 128x128	1202	2708	256	256
2958. 128x128	1524	302	256	256
2976. 128x128	3474	3558	256	256
3358. 128x128	2496	3644	256	256
5180. 128x128	25	233	256	256
5508. 128x128	2784	243	256	256
5528. 128x128	301	1347	256	256
5539. 128x128	2319	339	256	256
5605. 128x128	418	2484	256	256
5791. 128x128	3794	1816	256	256
6979. 128x128	2333	1985	256	256
6828. 128x128	1622	3104	256	256
7282. 128x128	3776	1123	256	256
7887. 128x128	2186	849	256	256
8089. 128x128	432	2611	256	256
8478. 128x128	3778	3689	256	256
9030. 128x128	1926	3746	256	256
9487. 128x128	960	3519	256	256
9600. 128x128	2376	1910	256	256
9666. 128x128	2416	1830	256	256
10428. 128x128	407	3413	256	256
10515. 128x128	1061	2591	256	256
10961. 128x128	2419	1962	256	256
11095. 128x128	432	2611	256	256
11463. 128x128	1614	140	256	256
11488. 128x128	992	2907	256	256
11571. 128x128	1614	140	256	256
11596. 128x128	992	2907	256	256
12067. 128x128	3732	721	256	256
12077. 128x128	823	627	256	256
12194. 128x128	3732	721	256	256
12204. 128x128	823	627	256	256
12540. 128x128	2911	681	256	256
13409. 128x128	746	2480	256	256
13594. 128x128	3465	288	256	256
13646. 128x128	485	1215	256	256
13815. 128x128	1721	1987	256	256
13823. 128x128	93	1921	256	256
14298. 128x128	1035	2271	256	256
14491. 128x128	355	1434	256	256
14516. 128x128	3446	1728	256	256
15325. 128x128	1554	3458	256	256
