447. 128x128	1060	2692	256	256
782. 128x128	2664	1032	256	256
1320. 128x128	2623	3761	256	256
2419. 128x128	3635	930	256	256
2720. 128x128	781	1437	256	256
3196. 128x128	1134	2118	256	256
2914. 128x128	2921	93	256	256
3221. 128x128	2479	3278	256	256
3442. 128x128	3774	796	256	256
3447. 128x128	3805	796	256	256
3790. 128x128	1158	2946	256	256
3973. 128x128	330	762	256	256
4910. 128x128	2965	2870	256	256
5155. 128x128	2229	777	256	256
5783. 128x128	2585	3190	256	256
6313. 128x128	1073	1597	256	256
6521. 128x128	1817	2288	256	256
6483. 128x128	3537	877	256	256
6784. 128x128	3624	3358	256	256
7058. 128x128	408	3026	256	256
9111. 128x128	881	2867	256	256
10009. 128x128	1196	1416	256	256
10820. 128x128	2713	2234	256	256
11503. 128x128	2130	3603	256	256
11614. 128x128	2130	3603	256	256
12541. 128x128	3585	3505	256	256
13277. 128x128	611	1881	256	256
13629. 128x128	3204	1219	256	256
13689. 128x128	3225	1620	256	256
14435. 128x128	1904	2217	256	256
14464. 128x128	594	2749	256	256
14565. 128x128	1429	2171	256	256
