675. 128x128	2866	677	256	256
457. 128x128	2653	2118	256	256
301. 128x128	3534	672	256	256
1471. 128x128	2370	2922	256	256
1883. 128x128	392	2739	256	256
1821. 128x128	2126	2114	256	256
1940. 128x128	904	519	256	256
2089. 128x128	1218	1752	256	256
3972. 128x128	3753	219	256	256
4373. 128x128	415	1070	256	256
4964. 128x128	345	2414	256	256
7250. 128x128	3271	3299	256	256
8552. 128x128	335	2497	256	256
9177. 128x128	1029	3349	256	256
10591. 128x128	838	1333	256	256
10946. 128x128	3532	3644	256	256
12338. 128x128	1088	1224	256	256
12956. 128x128	1701	2561	256	256
13787. 128x128	3127	2979	256	256
14644. 128x128	755	259	256	256
