643. 128x128	3358	2753	256	256
1035. 128x128	450	3167	256	256
1235. 128x128	2403	2048	256	256
1496. 128x128	1092	2321	256	256
4350. 128x128	2844	1044	256	256
5606. 128x128	2937	2621	256	256
6749. 128x128	2616	1606	256	256
7409. 128x128	1129	1506	256	256
9781. 128x128	808	2257	256	256
9822. 128x128	2354	3194	256	256
10022. 128x128	2752	743	256	256
10333. 128x128	1537	1072	256	256
10524. 128x128	239	3836	256	256
10548. 128x128	92	2373	256	256
10463. 128x128	88	2372	256	256
10738. 128x128	1397	3080	256	256
11691. 128x128	2649	1964	256	256
