252. 128x128	2830	2330	256	256
322. 128x128	3358	2007	256	256
1231. 128x128	597	2815	256	256
3186. 128x128	1152	3782	256	256
3269. 128x128	1152	3782	256	256
4176. 128x128	3594	2518	256	256
4469. 128x128	2209	2214	256	256
4479. 128x128	281	3815	256	256
4691. 128x128	2719	2008	256	256
5569. 128x128	1859	1198	256	256
5600. 128x128	1816	400	256	256
6577. 128x128	2024	958	256	256
7339. 128x128	1316	73	256	256
8340. 128x128	2230	334	256	256
8692. 128x128	2381	1451	256	256
8856. 128x128	3673	156	256	256
9455. 128x128	2533	1488	256	256
9582. 128x128	296	1270	256	256
10454. 128x128	111	2178	256	256
12038. 128x128	3600	281	256	256
12073. 128x128	3467	538	256	256
12099. 128x128	2751	3004	256	256
12165. 128x128	3600	281	256	256
12200. 128x128	3467	538	256	256
12226. 128x128	2751	3004	256	256
13259. 128x128	3370	1612	256	256
13399. 128x128	2994	2704	256	256
13811. 128x128	106	543	256	256
13889. 128x128	2723	720	256	256
13968. 128x128	3110	2154	256	256
14468. 128x128	2595	84	256	256
14703. 128x128	1289	2476	256	256
14591. 128x128	1081	1763	256	256
14809. 128x128	1512	763	256	256
15214. 128x128	474	647	256	256
