528. 128x128	2036	3535	256	256
216. 128x128	143	2228	256	256
764. 128x128	2482	1722	256	256
199. 128x128	513	2137	256	256
1321. 128x128	3700	2394	256	256
1379. 128x128	93	142	256	256
1961. 128x128	2288	34	256	256
2099. 128x128	1349	717	256	256
2500. 128x128	2460	3741	256	256
2625. 128x128	743	1287	256	256
3009. 128x128	1225	3125	256	256
3024. 128x128	3178	2569	256	256
3025. 128x128	2350	3373	256	256
3386. 128x128	913	773	256	256
3506. 128x128	411	2826	256	256
3665. 128x128	2570	3124	256	256
3978. 128x128	3619	1164	256	256
3983. 128x128	2945	333	256	256
4669. 128x128	2119	2127	256	256
4946. 128x128	1238	3489	256	256
5026. 128x128	2624	2982	256	256
5794. 128x128	3323	822	256	256
6181. 128x128	403	1962	256	256
7147. 128x128	2561	3198	256	256
7600. 128x128	1995	2210	256	256
8267. 128x128	3780	3490	256	256
8276. 128x128	2997	3811	256	256
8573. 128x128	251	1953	256	256
9244. 128x128	2960	3822	256	256
9270. 128x128	2710	572	256	256
10451. 128x128	2853	206	256	256
10898. 128x128	1346	3441	256	256
10829. 128x128	1279	1816	256	256
11287. 128x128	1603	2448	256	256
12713. 128x128	3164	1938	256	256
12801. 128x128	107	1435	256	256
13190. 128x128	1996	1901	256	256
13529. 128x128	1996	1901	256	256
14713. 128x128	3311	3535	256	256
15156. 128x128	1702	136	256	256
