628. 128x128	3528	3722	256	256
37. 128x128	3245	3712	256	256
1056. 128x128	2078	1573	256	256
854. 128x128	839	2711	256	256
1582. 128x128	643	3747	256	256
2405. 128x128	3475	1872	256	256
3162. 128x128	462	450	256	256
3262. 128x128	832	989	256	256
3245. 128x128	462	450	256	256
3675. 128x128	2954	2399	256	256
4311. 128x128	655	838	256	256
4909. 128x128	3062	1318	256	256
5571. 128x128	427	1065	256	256
5740. 128x128	2152	603	256	256
6447. 128x128	3166	160	256	256
6756. 128x128	2002	687	256	256
6759. 128x128	2484	3506	256	256
8108. 128x128	812	356	256	256
8248. 128x128	1112	1825	256	256
9072. 128x128	2585	186	256	256
9673. 128x128	422	1950	256	256
11208. 128x128	2744	2763	256	256
11114. 128x128	812	356	256	256
14253. 128x128	3303	623	256	256
14727. 128x128	2640	2292	256	256
15000. 128x128	582	434	256	256
