403. 128x128	748	2773	256	256
265. 128x128	3650	1941	256	256
519. 128x128	2304	22	256	256
1004. 128x128	30	3042	256	256
4104. 128x128	2526	627	256	256
5499. 128x128	3382	215	256	256
6804. 128x128	165	2504	256	256
8684. 128x128	1683	521	256	256
8985. 128x128	206	2521	256	256
9606. 128x128	2254	3043	256	256
9584. 128x128	715	2973	256	256
12523. 128x128	1596	991	256	256
12771. 128x128	1260	1617	256	256
12819. 128x128	1596	991	256	256
13620. 128x128	748	3292	256	256
13819. 128x128	1372	1476	256	256
13914. 128x128	2466	3431	256	256
14389. 128x128	2005	3210	256	256
14417. 128x128	521	2130	256	256
14693. 128x128	342	2308	256	256
14734. 128x128	1357	2125	256	256
