419. 128x128	1532	939	256	256
318. 128x128	2124	945	256	256
1309. 128x128	2634	3010	256	256
1364. 128x128	1181	1066	256	256
3261. 128x128	351	3128	256	256
4279. 128x128	2178	2763	256	256
4657. 128x128	1454	2387	256	256
4747. 128x128	3681	1922	256	256
5169. 128x128	3471	1194	256	256
5514. 128x128	316	983	256	256
5856. 128x128	3682	104	256	256
7024. 128x128	358	2845	256	256
7651. 128x128	3307	2982	256	256
7977. 128x128	2342	98	256	256
8389. 128x128	3517	999	256	256
8510. 128x128	365	3666	256	256
8953. 128x128	2952	2829	256	256
9106. 128x128	721	718	256	256
11551. 128x128	2457	1795	256	256
12375. 128x128	3605	1139	256	256
13116. 128x128	3583	993	256	256
13342. 128x128	2334	2688	256	256
14719. 128x128	1780	604	256	256
14973. 128x128	3330	494	256	256
