557. 128x128	2987	1089	256	256
1515. 128x128	1653	2602	256	256
1536. 128x128	1997	409	256	256
2307. 128x128	3680	1813	256	256
2945. 128x128	3082	701	256	256
5623. 128x128	1558	1588	256	256
5927. 128x128	399	57	256	256
6142. 128x128	2206	2944	256	256
6491. 128x128	3229	583	256	256
7315. 128x128	341	1069	256	256
7615. 128x128	1603	1633	256	256
7918. 128x128	37	2837	256	256
8743. 128x128	3529	3035	256	256
8636. 128x128	2549	2079	256	256
9107. 128x128	1335	1471	256	256
10232. 128x128	2912	3489	256	256
11279. 128x128	2057	2275	256	256
12806. 128x128	578	528	256	256
14240. 128x128	1325	1701	256	256
15143. 128x128	1093	1720	256	256
