45. 128x128	2803	2243	256	256
1038. 128x128	3149	960	256	256
890. 128x128	1937	722	256	256
1403. 128x128	3095	682	256	256
2569. 128x128	876	1260	256	256
2834. 128x128	242	1067	256	256
2966. 128x128	1273	2782	256	256
3301. 128x128	3044	1466	256	256
5592. 128x128	3153	2560	256	256
5613. 128x128	1317	1108	256	256
5793. 128x128	3278	369	256	256
6522. 128x128	1547	3472	256	256
7756. 128x128	3694	1382	256	256
10290. 128x128	1765	1658	256	256
13023. 128x128	1315	2823	256	256
13172. 128x128	1474	1867	256	256
13511. 128x128	1474	1867	256	256
13838. 128x128	505	1986	256	256
