387. 128x128	119	825	256	256
528. 128x128	2036	3535	256	256
539. 128x128	3447	42	256	256
1463. 128x128	35	24	256	256
3185. 128x128	705	716	256	256
3268. 128x128	705	716	256	256
4382. 128x128	3702	2905	256	256
4708. 128x128	761	344	256	256
4991. 128x128	1960	2256	256	256
5016. 128x128	948	3146	256	256
6610. 128x128	355	627	256	256
6881. 128x128	1065	158	256	256
6887. 128x128	2308	3479	256	256
6997. 128x128	759	3397	256	256
9318. 128x128	2581	3250	256	256
9432. 128x128	379	2277	256	256
10193. 128x128	2550	3778	256	256
11987. 128x128	3751	1909	256	256
13613. 128x128	101	46	256	256
13817. 128x128	3837	3538	256	256
13939. 128x128	3456	984	256	256
14448. 128x128	2384	808	256	256
15037. 128x128	1192	3165	256	256
15161. 128x128	774	2988	256	256
