221. 128x128	148	2021	256	256
328. 128x128	2702	3756	256	256
1493. 128x128	592	688	256	256
1487. 128x128	1948	273	256	256
1647. 128x128	3644	3766	256	256
2415. 128x128	2871	124	256	256
3484. 128x128	3664	662	256	256
5766. 128x128	1031	1252	256	256
6332. 128x128	3834	2050	256	256
6796. 128x128	2188	2806	256	256
7735. 128x128	1238	847	256	256
11980. 128x128	1381	1581	256	256
13312. 128x128	535	2169	256	256
14032. 128x128	3242	2780	256	256
14451. 128x128	3318	2013	256	256
15172. 128x128	3003	2034	256	256
