586. 128x128	2308	1356	256	256
413. 128x128	2667	3755	256	256
1055. 128x128	1124	2113	256	256
609. 128x128	3314	2616	256	256
842. 128x128	211	3088	256	256
2626. 128x128	3815	2941	256	256
3303. 128x128	2272	3277	256	256
3220. 128x128	2272	3277	256	256
5411. 128x128	3766	2758	256	256
6362. 128x128	2420	2923	256	256
6329. 128x128	1274	272	256	256
6402. 128x128	857	387	256	256
6662. 128x128	314	1085	256	256
8771. 128x128	285	2590	256	256
9057. 128x128	835	1138	256	256
9585. 128x128	322	3549	256	256
9782. 128x128	891	1535	256	256
10670. 128x128	2039	3086	256	256
11898. 128x128	715	2119	256	256
11946. 128x128	2659	2971	256	256
12061. 128x128	591	1352	256	256
12188. 128x128	591	1352	256	256
12642. 128x128	3744	823	256	256
13309. 128x128	969	1331	256	256
14149. 128x128	3177	1356	256	256
15014. 128x128	1843	2360	256	256
15173. 128x128	3281	3023	256	256
