389. 128x128	581	177	256	256
384. 128x128	1340	653	256	256
1057. 128x128	2453	1920	256	256
159. 128x128	910	1935	256	256
1458. 128x128	677	2201	256	256
2151. 128x128	2241	2883	256	256
2469. 128x128	2312	2863	256	256
4288. 128x128	2796	1990	256	256
4734. 128x128	264	391	256	256
5756. 128x128	3008	2541	256	256
5979. 128x128	2835	2945	256	256
6458. 128x128	3368	871	256	256
6499. 128x128	1161	2741	256	256
6880. 128x128	2644	1342	256	256
7569. 128x128	2789	1634	256	256
9128. 128x128	405	902	256	256
9323. 128x128	3241	2287	256	256
9216. 128x128	2672	26	256	256
9720. 128x128	1245	1765	256	256
9804. 128x128	1390	430	256	256
9909. 128x128	2843	1338	256	256
10195. 128x128	3511	3366	256	256
13693. 128x128	40	3626	256	256
14434. 128x128	2525	2348	256	256
14503. 128x128	2399	483	256	256
14996. 128x128	2677	2290	256	256
15063. 128x128	62	479	256	256
15261. 128x128	155	3205	256	256
15314. 128x128	1368	2130	256	256
